224 363 566
188 784
669 1068
327 345
70 342 763
55 459
595 952
144 159 191 366 431 549 636 701 788 1008
88 765
6 342 351 702
148 721
230 610
45 709 1006
77 363 459 886
185 385
366 596 606
64 739
275 702
299 385
152 184 685
88 187 501
367 620
342 876
230 792
385 655 1189
487 595
345 845
3 454
327 636
182 384 747
300 747
7 911 1202
173 669 876
56 188
45 88
106 319 326 416 482 745 1002
56 184 444 459 470 592 690 705 766
72 459
144 873 937
38 72
214 503
62 187 884
188 282 470 493 496 657 766
163 351
145 493
561 907
64 342 738 881
118 172
77 363 886
592 657
511 819
596 606
81 385 655
172 657 747 870 995
519 545
531 776 1189
960 1081
158 319 326 608 904 1157
670 779
243 379
1 338 351 434 526
172 174 545
172 952
244 275
64 544 881
230 644
236 282 407 470 547 657 682 794
169 524
321 973
833 898
555 1113
423 596 698
144 359 758
307 738 739 881
118 367 832
88 705
479 594
161 327
252 493
268 625
172 667 1206
545 819
64 544
172 779
287 661
17 342 366
630 857
326 1157
292 411
106 158 416 608
497 561 564
561 696
172 561
319 326 482 879 1002
595 876 881
243 276
747 784
153 907
330 899
88 853
384 592
300 685 1140
326 1002 1157
88 937
10 62 144 184 188 236 418 440 501 737 757 766 804 819
3 322 801
144 177
444 620
279 892
187 501 873 884
70 596
444 449
805 1130
522 535 657
45 1006
88 220 501 758
70 118 345 636
260 300
248 667
1 351 709
244 702
158 326 608 649 904 1120 1157
299 676
144 217
223 626
787 874
522 657 825
148 705
309 701
348 702 731
321 628
522 535 657 787
307 874
657 740
698 733
118 548
284 1130
420 970
428 675
58 153 155 376
154 411
366 592 779
685 833 1140
345 592 806
88 100 172 174 230 387 547 571
186 248 321
17 342 712
134 284 657 784
300 487 784
794 951
185 705 1189
519 685 952
145 399 493
271 343
752 864
17 423 464 670
194 747
243 324
366 374 592 693 883
366 434
366 646
309 779
72 269 1045
184 685 952
17 670 698
773 785
299 385 655 960
319 416 622
366 670
75 172
236 282 407 459 470 547 657 682 794
470 805
279 342 351 366
153 571
30 952
88 459
342 348 534 592 702
184 719 747
172 640
64 330 342 534 738 739 881
92 1126
336 470
712 739 763
705 871 960
307 423 657 739
399 1052
128 503 873
787 1130
81 461 747
876 899
309 595
158 326 608
144 169 220 303 501 873 884 937
482 622 762
284 507
263 300
423 464 596 1007
459 752
558 617
908 1048
172 789
99 704
56 343
184 757 804
1 172 765
99 493
81 519
45 995
45 74 429 669 881
144 169 188 213
169 359 758
248 343
118 747
580 657 740
324 765 876 881
17 423 670
62 321
217 367
459 503
88 758 873
309 321
668 685 1140
522 545
153 155 883
348 423 469 693
243 338 783
45 366
719 804
136 655 960
307 470
343 470
213 428
735 1134
373 527
136 705
459 738
86 172 236 239 271 428 459 470 547 705 960
338 526 783
325 501 873
360 578
284 735
247 487
10 757 911
88 187
10 184 804
99 873
359 832
224 459 1118
731 876
561 1113
128 595
657 669 739 787
685 752 1140
172 282
342 366 592
113 937
343 455
766 873
17 592 670
17 534 881
213 513
796 901
592 606
358 384
330 366 702 837
363 470
410 892
184 796
260 620
172 667 952
141 244 892
657 675
321 641
75 747
248 503
132 367
341 429
384 522
10 184 757
470 561
148 884
333 458
88 260
922 923
487 952
669 876 1114
645 1006
1 765 881
367 571
169 1107
321 620
67 640
191 423
86 230
321 758
62 169 325
326 879 1002
169 833
45 74 330 429
343 423
128 545
172 213
338 783 899
184 499
275 330 670
342 348 702
140 546
792 907
655 705 960
378 657
172 362 863
194 284
172 359
263 1133
309 657
187 325 501 873
362 863
595 669 765 876 881
132 284
282 420
309 343 657
144 657
248 1133
382 805
230 1070
158 622
184 418 657
191 685 952
884 898
145 399 489 685
338 434
244 739 881
421 469
874 1108
111 423 698
132 501
106 158 622
152 359
77 886 1118
236 459
184 620 628
464 592 606
72 863
545 705
116 582 742
177 571
1 669
128 907
81 952
421 693 835
243 669 876
937 1106
169 937
148 260 501
275 330 907
307 693
284 626
113 187 501 873 884
187 325 873
244 423 892
459 886
253 942
187 833
67 177
141 244 738 881
86 595
187 367
366 733
158 274 326 608 718 762
88 561
479 994
423 739
260 898
571 784
286 759
560 1178
338 783 892
592 739
128 132
274 493 718
158 482 762
704 908
19 794
158 319 416 608
62 220
1 275 338
464 596 739 763
1 338 351
449 784
172 248 620 667
7 10
702 738
184 796 911
128 561
56 100 213 359 487 1115
169 501 873
188 444
169 201 367
128 787
366 596
194 299 705
188 908
153 701
230 907
763 859 881
794 1130
194 299 385 655 705
211 899
132 169 359
418 657 704
172 493
153 625
81 747
148 747
275 616
348 534 669
19 675 704
385 655 705 908
9 252
17 464 592 698
7 921
333 380
348 366 693
243 657
459 522 657
172 833
177 701
562 908
158 319 326 608 762
244 738 881
177 213
244 592 892
99 134
148 299
701 819
126 534 693 739
88 186
17 464 993
420 701
275 341 783
307 525
4 244 454
17 380
223 310 438 599
536 884
128 1069
247 784
184 459
247 303
330 783 892
223 438
342 698
188 196
275 429
248 263 784
88 113
169 501 758
213 359 1115
545 747 765
528 960
172 263 667
187 1106
758 937
738 739
342 596
384 864 1193
217 519
693 763 835
196 373
384 1130
172 576
345 742
380 826
487 995
67 784
188 1186
304 873
187 701
184 384
64 423 738 739
837 1121
132 300
56 99 119 172 184 270 321 470 657 766
125 709
213 367
747 1146
188 1130
701 747
275 351 434
153 248
534 669
907 1204
185 960
438 657
77 459 776
248 440
132 784
522 595
220 359
300 773
300 833
330 526 534
92 1073
833 1133
244 307 657 881
503 522 780
702 881
625 645
172 640 667
702 876
765 908
423 1103
10 184 252
348 366 423 733
501 873 937
128 418 493 657
236 657
70 459
187 300 501
17 366 763
1 351 669
1 526 765 881
284 785
184 252 499 911
319 482 622
501 620
186 571 628
482 745 1157
113 873
493 561
169 908
300 501 511
196 236
56 407 428 850
144 359 873
67 545
64 592 739
56 284 359 438 459 479 866
385 655 819
571 906
67 153 172
172 186 571 667
739 763
90 794
141 244 881
17 284
545 765
341 459
158 319 326 482 745 1002
169 571
89 172
55 230 387
59 148 987
9 10 184 912
342 348 702 739 881
230 960
260 705
247 819
259 382
88 906
188 217
172 747 864
217 545
169 536 857
181 321
657 792
169 359 937
194 361
342 423
459 522 657 874
128 172
64 330 342 534 881
299 385 655 661
9 10 184
191 230 271 284 428 545 766
420 483 944
752 806
158 326 608 904 1120 1157
9 921
172 370 657
382 407 614 723
9 657
184 252 633
145 284 399 542
88 213 571
177 420
60 705
566 1118
88 590
275 330 892
503 690 780 871
236 487
536 857 1107
118 881
60 487
158 326 608 762 904
64 342
794 1069
904 1157
1 330 892
487 792
145 399 420
145 1133
10 184 911 921
243 907
194 952
657 873
145 399 489 542 685
284 901
184 907
657 1071
62 571
67 561 701
185 690 705 960
184 1113
679 739
169 213 220
300 784
194 299 385 655
545 641
299 655
82 657 787
184 952
99 804
719 901
299 655 705
263 819
300 735 863
284 688
64 1114
342 702 881 892
592 596 993
908 937
152 685 788
448 705
260 721
62 187 501
863 864
1 211 330
187 873 884
45 429 881
351 366
252 901
99 947
319 622
571 908
309 549
172 529 747 752 935
282 747
169 213 884
669 881 892
172 667 701
172 240 667
695 873
819 873
148 169
109 342
72 269
348 366 702 881
158 319 326 482 608 762
184 493 901
459 470
172 248 321
113 819
64 459 544 702 738
657 701
213 487
163 351 434 683
326 904 1061 1157
247 248
1 876
248 545
284 705
596 993
661 819
911 912
172 187 407
17 56 87 592 658 874
172 667 908
342 670
213 758
24 783
145 188 399
625 759
140 384
252 719 911
739 1050
1 526 791 881
172 657 667
217 248
3 322
88 701
187 819
106 158 319 326 482 1002 1157
345 459
620 833
70 592
213 459
188 1133
172 620 657
371 787
503 911
640 839 973
253 318 882
158 319 326 1002
459 657 683 787
213 560
693 828
284 1071
217 668 685
361 784
534 669 837
657 704
172 802
592 1008
735 766
106 319 482 995
77 459 886
351 434 526 907
149 342 348 423 534 702 827
149 348 372 423 587 615 702 827
275 881
145 399 489 542
243 993
134 805
148 194
169 367 630
11 522 657 787
169 187 937
534 693 859
153 172 667
184 217
479 545
132 833
158 319 326 608 1002
342 712 763
330 811
327 524
418 887
201 367
17 712 763
326 482 622 1002
330 351 892
77 908
196 1130
423 657 738 739
559 873
56 407
307 469 693
592 993
307 739 881
284 299
187 284
247 284
184 784
30 747
330 342 534 702 738 881
55 690
592 741
319 482 762
440 884
184 252 493 719
1061 1120 1157
536 1107
519 784
187 819 873
535 787
287 299 385
187 906
145 241 542
152 685 1140
113 213
366 596 739 763
128 690 871
145 489
236 794
88 470
158 326 904 1157
411 519
248 640
172 620 747
345 793 803
1 669 892
17 739 763
503 952
252 804
274 342 718 763
522 555
175 345 1004
243 275 330
124 183 192 830
275 526
522 657 874
172 519 747
459 684
247 758
596 739 763
70 380
128 236 459
55 99
94 433 482
172 321 701
240 561
592 1113
601 871
545 704
224 459 566
19 181
9 184
420 545
10 184 252 911
376 884
260 833
385 528
459 1153
522 675 683
55 382
592 690 705 752 871
359 571
561 783
77 496
113 501 873 884
1 783
503 871
712 739
172 343 1206
88 758
385 661
86 701
330 351 702
230 545
705 747
343 944
169 213 873
184 1202
534 669 739
459 784
248 701
158 482 1157
321 459
338 351 783
321 561 571
217 657
342 534
9 10 284
70 826
169 300 873
17 592 727
169 390
330 702
348 366 423 469
271 418
906 937
17 626
545 747 952
287 819
470 881
440 1133
10 912
88 132
319 326 762
194 784
149 348 423 587 615 827
169 701
464 592
132 169 367 832
223 310 438
459 483
10 184 719 804 911
696 766
907 993
184 611
519 828
153 275
366 534 837
805 960
111 191
282 545
303 898
144 440
230 522
459 776
169 501 906
254 551
282 303
384 522 657
966 1113
243 587
17 423 670 698
172 220
58 99
187 657
169 359 873
177 213 784
418 493 704
325 937
99 819
184 911 921
260 299
423 747
284 501
112 325 937
592 892
184 252 657
330 366 372 702
459 493
371 658
17 464 592 670 708
326 482 762
95 346
64 307 342 881
1 275 892
132 758
704 1186
326 416 762
522 908
169 213 1115
705 952
88 367
128 747
90 459
342 702 881
243 275
303 459
17 606
126 589
613 944
172 240 321 667
275 625
194 217
224 459
169 784 873
194 871
348 702
81 459
169 536
503 769
88 213 220 884
115 284
307 709
118 169 359
338 625 881
188 230 343
106 319 622
319 326 482 924
493 545
17 464 592 596
145 399 439
1 892
17 366 712 763
330 669 876
191 309
1 526 765
276 482
72 172 747
88 248
319 482 1157
275 892
248 487 819
561 973
88 321
187 359 937
17 342 763
118 536
385 655 908
11 522 787
248 620
645 738
351 783
784 898
128 309
342 421 534
148 287
503 907
685 784 952
385 423 705
327 742
833 873 884
186 263
348 366 469 693 881
499 911
423 592
359 819 833
366 596 712 763
377 952
172 667 784
907 1114
566 594
184 455
740 873
132 487
367 630 758
194 595
169 187 571
342 763 859
56 172 174 188 220 284 657 747 1108
146 849
248 303 873
153 321 571
33 689
128 444
284 995
438 626
64 244 738 881
384 549
784 906
217 489
657 799
309 522 657
620 784
487 759
169 187 501
287 385
17 118 366 544 712 763
196 792
545 549
183 192 662 742
908 944
501 833
343 420
64 330 342 534 702 738 881
145 747
1 351
11 522 657
158 319 326 416 482 608 1002
144 685 1140
1 330 429
303 1133
307 738
712 739 1050
86 522
184 1180
144 853
459 873
321 847
248 359
310 438
45 74 429 669
503 690 871 873
244 659
244 459
459 657 874
62 169
366 420
65 318 882 942
136 960
545 833
113 187 501 873
17 602
106 319 326 482 1002
595 644
519 752
153 240
211 275 279
776 1118
1 172 765 881
55 704 1186
458 781
60 213
55 499
327 551
9 912
88 300 784
169 873 937
128 303
217 752
128 236 1130
459 952
284 805
88 503
873 1115
148 187
77 459
113 1133
184 259
519 657
155 460
784 1133
146 223 310
286 460
145 1052
148 487
19 783
45 118 194 487 857 873
118 132 536 1107
248 321 561
118 132
185 385 655 705 960
91 106 319 482
100 247
230 309
174 561
55 128 230
230 704 730
230 1130
17 464 698
408 863
67 244
901 1126
423 596 993
172 184
326 416 1002
244 876
185 705 908
19 184
606 727
172 344
155 927
88 397
545 920
6 279 342 351 892
595 657
260 873
9 10 804 911
363 459 566 886
326 433 1002
134 184
342 351 366
177 186
348 587
153 155 376
501 898
217 303
182 657
363 459 470
86 191 503
134 792
787 1128
88 148
217 685 952
88 172
67 230 758
338 351 434 625
338 526
10 633 911
17 464 606
45 74 429
384 657
282 309
4 867
702 876 899
487 561
661 685 1140
184 719 1126
56 270
90 592 1155
130 882
77 776
10 252 911
343 382
118 169 857
385 655 705 908 960
169 191 217 248 300 487
330 341
106 416 433 482
17 592 670 698
144 373
158 319 326 482 762 1002
275 351
67 833
172 240 321
141 244 483
184 188 384
10 92 184 911
86 188 191 325 387 397 561 742 853 1115
545 784
158 608 924
657 695
158 416
144 343
172 194 747
239 705
145 399 489
6 149 330 534
275 881 892
148 303
423 545
359 873 884
1 275 669
1118 1189
118 132 367
191 345 366 544 596 826
459 960
211 244
313 1130
799 866
303 1100
77 415
172 620 667
274 369 459 557 636 792 848
343 937
217 704
351 892
407 704
67 172 274 384
330 342 348 534
248 321 620
169 201 857
59 217 987
217 459
428 657 747
230 701
4 454
17 342 592 670
287 519
148 300
88 248 873
99 300
172 362 1045
883 1189
592 596 698
1 338
234 479 687 1155
338 892
184 633 911
690 705 960
45 359
534 693
45 74 429 881
213 303
319 326 482 904 1002
185 385 705 960
275 279 342 876
884 906
77 224 459
342 592 670
342 348 679
459 783
56 407 428 522 657 766
366 384
545 667
423 690 871
279 330 783
361 374
719 741
77 493
493 908
335 519
326 879
545 752
236 470
77 224 459 1118
239 550 705
67 153
173 330
153 321 561
236 313 444 459 547
113 833
363 459 776
196 657
319 326 1002
448 765
636 789
184 633
309 459
592 1071
342 561 702
64 469 693
118 132 359
279 876
169 857 1107
191 747
84 519
346 546
145 399 1052
172 628
464 993
145 188
522 657 730
876 881
459 863
187 937
248 688
217 705
342 423 738
1 330 731
194 385 655 705
367 937
571 640 839
184 230
186 248 873
804 1126
719 1126
3 244 801
130 318
92 184 719 911
705 908 960
17 70 342 421 464 544 636 693 806
118 459
184 737
196 805
128 196 794
342 348 534 702 837
184 921
309 522
58 153 376
45 487
196 343
118 169 367
217 287
132 201 367
77 459 1118
56 463 507 522 657 766
130 701
546 571
243 702
592 1152
191 230
453 740
522 874
148 898
545 685 1140
747 873
752 863
172 321 571
118 908
106 482 622
172 571 667
670 1084
10 92 184 804 911
183 192 274 662 742
56 99 407 428 522 657
64 469 534 693
423 596 606
640 839 873
269 362 1045
279 348 534 669 679 837
217 300
319 326 482 762 1002
17 342 366 534
149 330 534 881
55 376
56 191 230 428 522 747
172 747 765
10 184 921
145 399 657
141 244 876
1 526 616 791
366 693 881
481 564
184 188 270 271 387 522 547 657 730 796
363 459 776 1189
184 493
67 758
145 542 1052
169 359 701
279 783
275 330 669
172 667 758
308 970
326 622 745 762
112 501
449 747
307 874 881
657 819
592 1091
163 275
77 271
503 550 704
196 230
640 833 839
213 359
177 908
747 863
128 217
10 184 719
752 908
1 341
385 459 655
702 837
244 801
88 571
561 747
177 321
169 300
45 359 857
130 501
17 464 763
561 847
423 727 993
236 805
153 174
172 186 321
275 899
55 184 704
380 423 464 596
77 428
479 801
580 873
184 592 804
319 326 904 1157
783 892
172 641 667
236 363 459
721 898
904 1120 1157
709 897
92 184 1126
137 459
519 545 747
55 522
132 367 857 1107
459 636
169 187 884
300 620
92 184 804 901
144 148
67 230 249 367 459
128 487
88 213 268 428 723 853
275 341 669
319 326 622 1002
359 784 873
345 545
9 804
859 1084
224 566 1118
65 115 318 882
172 230 313 657
277 792
314 784
99 220
321 765
522 657 1108
342 351
428 682 908
536 832
345 524
172 187
58 153 155
2 11
169 187 501 873
128 819
132 169 857
188 309
566 776
211 670
59 819 987
223 310 599 626
384 1193
172 177 667
596 670
186 187
148 873
230 349
220 620
460 561 564
535 657 787
737 908
187 325 501
2 657
758 784 873
169 201
88 657
248 847
911 922
592 863
45 88 172 230 300 547 657
589 738
184 303
766 1133
67 747
145 701
470 852
45 330 429
172 194
519 835
1 330 783
319 326 416 482 1002
420 592
327 806
282 418
348 366 733
88 172 174
407 1186
158 326 608 879
88 873 937
327 998 999
330 351 434
633 911
385 655 661 705
873 1133
99 172 747
128 418 428 657
881 907
677 910
95 509
172 595
187 220
342 351 366 561
184 901 911
77 284
95 346 509 546
220 303
299 385 655 705 960
58 155 181 283 376
172 1095
284 675
17 592 727 993
88 303
366 549
77 747
274 459 718
220 819
184 773
148 661
470 1118
217 995
319 1157
282 487
187 501 884
188 794
56 184 252
184 901 1126
595 765 876 881
519 685 1140
791 1114
172 503
620 657
9 911
348 881
284 308
367 873
327 397
172 186
487 545
194 685 1140
319 326 482 622 1002
252 428 737 766
90 172
191 501
783 876
300 906
428 657 683
191 400
259 382 470
169 819 873
45 367
62 248
86 145
259 363 470
282 752
385 655 690 871
423 670 806
17 342 366 763
106 482
17 423 464 596
70 458 781
169 359 630
223 438 849
433 482 762
459 1118
10 921 1126
373 758
99 263
73 325
64 423 738
64 693
119 217
55 184 194 220 271 387 951
118 359 857
184 657 719 911
787 1190
271 470
106 158 319 608
330 366 702
144 367
17 49 188 387 464 482 547 657 662 766
362 1045
77 184
92 184 766
366 908
330 669
145 241 399
459 657 683
45 56 213 270 274 282 379 470 547 571 766 853 884 995
177 758
620 873
184 503
191 300
342 366
252 796
184 503 911
191 213
86 908
169 645
503 657
88 169
566 886
88 685 1140
636 824
319 326 482 745 762
132 685 1140
128 1186
144 169 873
325 758
113 187 873 884
342 534 712
326 482 622 762
685 705 1140
99 487
309 423
765 784
348 366 733 881
99 960
545 685 952
384 545
263 620
70 333
423 881 892
453 580
342 1188
132 213 220
86 784
194 528
172 174 518 552 561 564 701 881 883 1189
881 927
655 871
158 319 326 482 608 1002
338 351 434 625 881
172 174 321
77 363 459 1189
55 188 704
17 596
675 792
172 329 362
144 952
589 731
56 282
420 767
172 321 747
342 348 366 534 679
359 657
282 863
287 747
561 620
220 884
299 960
385 411 655
59 873 987
169 213 758
172 487 667
172 329
72 635
177 248
92 453
325 884
657 747
373 571
153 620
184 911 1202
153 186
302 532
1120 1157
522 657 683
330 366 534 702 837
799 801
67 309 380 713
303 501
449 685 1140
519 668 685 747
153 173
752 802 863
493 907
172 747 789
106 319 326 482 745 879
342 348 423
459 545
77 191
470 493
11 522
908 960
213 1016
191 519
169 187 873
186 321 561
503 960
184 284 911
17 592 596 698
184 252 780
132 1107
738 783
129 398
625 702 837 880
287 908
277 413
64 423 738 739 881
493 792
657 1108
140 561
213 282
534 693 835
263 501
363 459 657
592 1103
3 657
470 675
25 377
423 705
363 522
592 596 727
279 342 899
145 230
82 522 657
243 802
566 776 1118
2 1102
670 705
236 444 459
186 784
86 271 525 534 544 625 693 881 903
487 519
132 367 857
81 194
172 345
10 184 901
77 479
758 884
10 184 804 911
172 300
145 489 542
67 487
464 596 606
385 960
106 158 326 1002
271 698
169 359 857
141 244 783
303 487
300 501
25 45 429 881
56 88 284 359 459 805
88 373 819
64 330 342 534 702 738 739 881
247 440
88 550
230 387
487 752
113 501 873
260 819
172 792
60 284
22 646
172 529 752 935
464 670
307 702 881
487 758 873
113 701
224 459 566 1118
230 766 784
55 1186
348 366 693 881
371 874
833 906
342 738 881
423 606
303 1113
25 45 429
625 881
172 177
213 1115
571 620
300 511
309 784
483 1146
342 366 596 763
631 715
899 1121
213 620
497 564
493 960
384 908
128 792
709 1006
438 599
144 503
701 1133
56 470
342 348 592
303 367
473 487
874 1130
693 763
184 657 911
17 342 464 763
464 1007
534 837 1188
113 906
19 153
244 747 752
58 701
172 248 1206
366 384 592
185 655
282 384
247 908
184 922
244 423 739
91 319 433 482
304 487
542 657
60 766
158 319 326 482 1002
463 507
487 657
287 545
118 571
130 284
230 561
384 459
529 752 863 935
359 857 1107
321 341
545 620
606 698
56 675
428 657 908
172 384 747
230 766 908
163 702
487 758 819
342 366 596
144 300
561 863
172 321 908
397 524
367 884
158 274 416 608
444 459
363 522 657
128 493
73 345 459 522 524 636 657 1094
904 1120
461 705
330 534 837
153 172 321 667
348 366 881
784 937
658 794
158 319 326 416 482 608 762
592 596 670
343 784
184 252 633 911
172 303 321
158 326 608 622 762
99 240 321 459 667 747 765
17 366 739 763
260 661
152 685 689
2 522 657 787
901 911
765 1114
172 362
366 739 763
48 519
300 657
230 259
213 833
853 884
91 319 326 482 1002
106 206
589 592
62 247
330 783
5 420
153 303
119 274 718
248 321 628
184 747
24 783 899
300 952
359 758 857
45 300
1 338 351 434
45 118
397 784
345 493
459 874 1123
319 326 482 745 762 1002
106 319 428 622 863
248 300
367 384
88 263
503 1146
115 882
592 907
112 325
321 873
236 259 470
10 184 923
507 519
263 688
172 307
309 908
284 911
385 655 917
363 459 566
184 470
338 351 434 892
9 10 911
158 319 326 482 608 762 1002
7 184
213 284 428 657 1115
188 792
326 482 1002
410 693
55 908
282 769
440 833
70 122
303 758 873
6 342 348 423 702
342 348 702 881
169 770
243 341
487 705
55 184 901
186 628
169 213 300
81 172 302 305 321 411 519 532 610
433 482
359 590
91 319 416 482
72 747
144 359 937
118 169 201 359 367 390 770 832 857
359 773
172 321 620
158 326 608 1157
493 747
211 330 876
594 657
318 882
188 758
55 188 230
149 342 348 372 423 534 587 702 827
314 819
132 201 359 770
252 657
113 284
595 1146
172 864
137 787
224 363
307 739
188 213
377 908
128 503 690 871
171 449
172 186 667
325 559
153 667
45 169
118 248
1108 1130
184 252 343
145 241
493 901
10 284
184 804 1126
163 526
17 342 421 464 693
483 783
367 501
503 644
303 511
367 863
158 433 482
522 1130
444 657
118 783
804 901
172 240
72 172 1045
248 263 487
459 907
132 359 857
62 325
282 284
487 685 1140
132 884
54 213
77 470
184 252 901
185 705 871
244 993
275 330 876
12 241
1 338 783
191 833
254 519
194 705
493 1130
91 319
194 287
685 705 952
529 752 806 935
747 833
385 1182
326 433 482 762
449 819
351 434 534
342 657 738 881
65 115 882
196 493
221 689
99 1133
657 765
348 423 469
106 416
6 338 351 434
45 132
636 864
10 901
367 752
75 545
479 960
89 449
857 1107
10 184 757 804 911
284 685 952
184 633 804 911
503 747
440 908
153 908
1 45 74 330 429 881
299 690 705 871
244 881 892
806 864
271 657
758 906
1 330 351 892
6 342 702 876
172 873
194 299 385 705
88 213
56 184 444 459 470 592 690 705 766 871 960
172 625
420 947
359 440
719 804 911
188 487
173 275
77 188
172 309 657
757 1126
549 592
423 596 727
217 819
739 881
67 819
194 359
158 274 416 608 718
230 804
17 727 993
230 696
338 351 434 616 881
342 679
240 321
1 526 874 892
15 742
780 1133
799 822
11 657 787
62 620
342 348 366 423 507
17 423 464 698
118 657
177 343
240 248
455 657
226 501
561 784
470 1130
416 482 622
128 230 444 747
545 657 747
191 522 657
172 545 747
330 702 876
11 874
172 321 545
59 884 987
45 74 429 881 1088
64 702 738 881
319 326 482 879
153 657
459 738 881
184 657 901
766 1130
592 613
99 118
420 562
338 351 526
892 907
22 637
325 906
657 874
148 501
56 158 416 608
410 470
100 184 347 384 664
72 362
128 184
371 522
141 881
307 342 881
230 682
65 318 695 882
56 100 213 359 487
67 309
172 303
172 657 765
566 886 1118
62 1133
464 592 596 698
86 561
562 657
385 655 960 1189
145 284 399
145 489 685
88 620
625 880
128 805
55 184
144 620
459 788
248 487 784
236 259 382 470
172 321 640 839
217 542
99 470
282 784
244 348 702 881
172 247
158 608 1061
106 158 482
837 1188
366 545
172 667 685 952
17 698
148 172
62 561
72 384
901 1116
184 873
220 263
55 825
169 657
374 578
501 657
184 566
172 240 248 667
17 423 727
17 342 366 693
177 444
144 186
144 169 213
172 287
236 363
204 725
172 191
158 326 482 924
459 1108
1130 1153
45 169 857
299 705 960
184 911 922
106 158 274 319 345 416 482 576 718 747 863
503 784
385 503 655
244 783 899
169 747
493 525
175 327 1004
453 501
526 881
158 326 608 762 1002
345 863
376 898
765 876 881
363 423
616 881 892
11 787
55 77
56 428 595
10 921 922
140 373 448
67 561
2 522
77 363 657
172 519 667
1 765
429 1121
172 459
659 867
188 873
141 244 423 739
62 906
423 1008
