319 326 482 745 1002
112 213
125 657
128 252
128 376
134 230 766
158 319
169 187 487
17 464 712 763
187 580
201 536
217 487
230 308
247 873
252 780
284 385 655 705
284 710
30 828 902
338 351 881
341 897
343 571
359 620
359 752
359 766
366 423 1113
368 561 564
378 701
423 727
423 911
455 1113
464 596 708
493 873
515 557
561 883
644 657
657 1186
698 871
96 418 657
248 284
194 385
487 884
99 459
106 319 482 745
669 702
55 792
10 92
331 398
134 418
186 973
410 423
459 787 874
758 1133
252 757
55 657
244 561
95 346 394 509 546
62 187
118 420
119 636
128 188
134 284
141 738 881
144 247
144 747
154 376
172 857
177 561
184 191
184 493 757
191 561
191 685 1140
194 230
244 309
284 783
319 326 482
345 423 806
367 657
459 730
549 779
561 657
571 884
59 260 987
620 765
657 881
658 1113
738 739 881
765 819
787 1153
191 503 595
211 783
526 589
685 819 1140
766 792
342 348
884 937
410 1071
144 303
454 867
172 309
704 730
213 501
10 719 911
169 359 367
459 737
230 908
384 747
343 747
217 284
493 704
106 622
111 733
172 174 384
172 705
22 204
282 459
300 1113
30 908
382 704
420 493
501 977
536 819
55 134
56 805
58 155
58 155 561
58 367
595 766
62 169 187
64 244 307 881
657 738
747 773
134 657
192 742
667 908
571 873
172 343 667
418 747
299 690 871
309 747
284 359
545 952
275 372 702
284 438
284 595
359 873
113 169
113 359
299 385 655
455 935
99 321
10 657
118 925
128 134
140 154
153 759
169 367 758
172 321 343
187 194
187 213 873
188 503
248 747
275 330 341
287 685 1140
309 493
3 4
359 952
367 784
423 960
428 1130
455 805
459 566
62 701
701 1084
72 752
86 191 282 802
99 172 174
186 873
198 799
243 321
747 819
832 857
90 345
184 719 901
359 487
118 359
359 833
99 367
67 172
248 784
172 284
172 784
236 1130
284 300
702 892
343 657
17 464 670
188 230
766 908
10 92 184
118 191
134 428
153 155 561
158 326 482 745 762
169 172
184 213
186 303
191 911
194 299 385
239 299 705
260 972
287 705
303 428
321 747
341 669 876
359 390
418 522 657 780
423 483
53 56 230 259 407 428 459
536 758
55 695
595 625 669 670 791 876
62 169 873
6 330 534
64 1027
7 921 1202
111 549
248 501
55 230 657
172 248
172 545 667
6 669 876
536 857
248 833
6 279 342 351
793 803
423 779
284 657
172 561 667
275 341
140 411
382 766
99 172 321
99 359
169 213
10 719
128 382
141 244 710
144 579
169 284
186 640
188 522 657 766
271 951
279 330 351
284 449
287 385 655
330 534 881
373 908
470 1186
470 525
53 908
542 908
54 501
56 284
60 112 128 172 184 187 191 220 321 325 361 428 489 496 525 747 758 908 947
60 248
158 326 622 1002
418 428 657 682
187 359
187 884
152 685
359 1107
423 698
115 855
284 952
248 873
284 908
1 275
220 833
65 253 882
307 459
148 755
169 873 884
188 247
230 459
230 503
282 522
284 377
299 592
300 367
303 503
338 351 434 783
343 384
343 704
345 752
385 487 655
487 661
55 343
55 418
56 128
64 526
67 300
75 657
7 922
9 1113
91 433 622
169 819
359 873 937
689 952
113 187
519 747
67 99
410 709
244 307
158 326 608 1002
77 363 459 776
158 326 416 608 1002
17 342 592
17 464 596
60 908
220 873
153 376
169 213 325
169 589
177 300
220 758
230 271
230 825
243 589
284 384
415 566
536 701
564 932
595 616 669 765 876 881
348 366 423 469 693
244 867
92 184 901
4 801
211 669
62 213
758 873
152 217 685
55 230 1186
81 172
428 908
640 839
669 876
128 704
145 766
155 592
169 213 937
191 1130
194 908
211 275 702
243 470
284 794
418 459 657
449 664
459 740
470 794
487 977
595 880
595 881
62 300
65 318 882 1087
657 805
657 833
863 951
128 418 657
173 892
522 1102
529 747 752 935
873 906
359 819
128 657
371 657
158 326 482 1002
230 657
479 799
88 873
487 819
118 758
1 526 783
153 177
169 260 501
172 907
17 592 993
177 303
184 493 911
230 282
300 561
330 534 669
382 470
385 655 657
459 682
487 580
503 833
595 908
636 863
284 873
359 701
144 758
503 595
758 908
418 657
55 188
99 177
487 758
501 784
213 571
58 155 181
739 787
9 10 921
99 184
501 906
418 493 657
596 727
169 303
172 449
201 857
211 892
252 428
309 366
325 367
385 871
429 881
59 359 987
595 747
99 118 132
341 783
455 704 935
522 1113
690 780 871
503 780
326 904 1120 1157
187 325
191 545
62 99
65 130 882
134 418 657
187 263
187 559
188 459
191 459
191 470
230 1113
282 952
321 640 839
343 366
359 1133
81 752
385 423 655 705
487 747
62 359
88 884
169 359
260 755
501 873 884
6 330 702 876
88 487
10 757
1 330 526
141 244 738
172 248 667 908
172 747 952
184 522
230 493 704
284 590
303 321
359 833 873
385 690 871
464 592 596 670
503 802
669 702 876
99 545
155 411
284 309
459 1069
92 804
307 657
17 423 993
282 908
892 899
9 1202
144 758 873
171 503
17 366 592
184 252 796
300 571
423 908
501 740
640 973
68 377
747 1113
248 640 839
282 752 863
300 303
303 884
158 319 482
487 501
319 482
738 881
10 92 911
144 263
172 248 321 667
183 662 742
309 545
921 1202
307 881
244 892
10 804 911
128 794
172 248 561 667
186 640 839
410 459
428 545
455 908
483 867
62 284
64 342 348 423 702
657 784
77 776 1118
8 284 507
90 1155
423 738
158 608 1157
275 338
299 385 655 705
503 908
88 359
248 487
260 501
118 1107
184 757 1126
237 487
284 415
300 701
327 963
62 88
67 321
819 937
911 1202
144 884
169 187
144 213
784 908
260 884
92 184 804
284 343
172 343
184 1126
111 871
271 307
359 758 873
367 487
592 881
757 804
90 863
17 1006
367 536
459 806
366 423
99 172 667
833 884
64 307
144 169
184 804 901
144 819
348 366
106 158
10 922
128 236
145 657
188 907
243 1114
342 881
440 501
4 561
550 657
55 128 704
561 710
657 709
657 794
685 995 1140
845 864
86 284
263 908
501 758
99 657
17 670
487 784
223 310 626
65 882
17 366
144 937
172 560
224 363 459 566
230 730
367 1107
487 503
501 695
819 952
921 1126
86 752 863
95 546
522 657 787
64 738
92 184 252 911
15 327
213 784
6 342 702 892
144 766
146 438
17 763
191 487
191 952
220 248
247 766
284 833
308 613
359 367 857
373 449
693 859
70 458
833 952
88 217
503 522
366 592
833 873
158 608
244 738
17 592
284 1133
561 571
169 873
299 871
158 416 608
592 698
184 796 901
247 833
371 555
377 384
423 765
433 622
45 429
503 545
503 780 873
67 343
284 685 1140
418 522 657
545 747
3 801
1069 1130
145 908
244 696
319 326 482 762
92 184 252
172 545
113 300
172 684
183 742 863
230 784
248 758
366 1113
571 819
99 908
230 343
132 169
459 794
784 833
657 908
385 655
62 873
10 804
140 546 1190
158 276
191 418
3 479
373 487
385 655 871
487 937
522 787
55 418 657
58 571
589 857
62 113
727 993
735 994
99 191
371 459
88 501
881 892
211 275
657 683
321 701
7 9 10
132 359
873 937
172 367
4 244
55 420
55 805
56 657
9 184 911
106 433 622
303 908
833 908
158 326 482 762
184 901
385 423 655
62 784
65 318 882
580 740
55 704
188 420
230 470
284 519
459 805
470 657
6 149 372 587 702
64 244 881
65 882 1087
67 641
184 908
184 719 804 911
106 319 482
747 952
592 779
99 303
252 911
17 423
223 310
1084 1125
130 942
169 758 873
184 719 804
217 952
260 519
489 542
67 701
90 747
303 758
284 819
144 187
307 423
758 819
132 303
1 429
271 1151
2 787
459 911
566 657
657 787
248 908
326 904
64 738 881
187 501
184 284
64 423 739
88 819
106 319 433 482
113 303
140 448
140 564
172 806
260 359
274 589 718
284 410
418 522
303 359
106 158 608
342 348 423 534 702
77 224 1118
128 230
230 805
363 459 886
366 1008
78 459
911 1126
92 804 901
359 367
259 470
9 10 912
338 783
10 1126
1 330 876
184 418
479 866
185 385 655 705
819 833
17 592 596
188 545
248 321 571
263 359
303 440
460 564
470 1113
91 433 482
9 911 1202
501 937
690 705 871 960
65 130 318 882
303 873
7 9
307 657 881
99 309
550 704
158 326 1002
17 464 592 670
185 655 705
343 493
64 739 881
148 833
695 740
385 655 705
784 819
469 693
363 566
132 873
153 172
260 487
300 758
382 1186
62 833
67 88
73 592
77 230
99 144
784 873
655 960
359 857
244 420 483
327 864
92 901
321 561
351 434
522 657
67 908
72 1045
140 155
213 300
172 321 561
275 669
487 873
128 1130
260 784
429 669
244 947
259 493
423 1152
710 899
190 596
10 921
191 503
72 172
17 592 698
319 416 482
169 260
220 784
279 342 876
489 685
17 423 464
118 832
300 819
359 937
175 1004
330 731
184 757
385 655 705 960
385 655 960
128 873
132 169 367
1 351 526
136 299
144 833
243 459
224 363 459
244 483
303 701
55 230
158 416 482
64 702 881
64 881
188 493
62 908
144 501
421 693
144 701
367 857
669 892
169 857
747 765
464 596
330 526
132 819
184 343
230 243
282 657
303 561
758 833
88 144
561 667
459 657
172 234 329 603
187 213
203 342 348 366 693 702 881
303 620
487 766
784 952
118 169
118 857
169 884
655 705
172 747
172 657 747
194 385 655
487 853
300 884
460 561
342 763
359 884
690 705 871
351 526
7 1202
522 657 1130
241 542
211 330
330 892
529 752 935
326 1002
149 342 348 534 592 702 827
279 338 783
561 758
172 248 667
9 10 1202
351 434 526
416 433 482
187 758
338 351 434
187 873
128 343
58 155 181 376
62 884
81 864
252 757 911
342 702
187 300
128 550
172 908
191 522
519 705
55 657 704
330 534
187 303
153 321
1 669 876
106 433 482
169 832
275 669 876
418 657 737
685 784 1140
560 1089
184 719
144 359
185 385 705
244 881
359 630
487 833
224 566
184 252 911
620 908
128 908
319 326 482 904
440 819
99 833
783 899
128 459
213 884
184 804 911
64 702
184 757 911
459 874
309 503
819 1133
416 482 745
169 487
188 657
922 1126
62 501
158 326 608 904 1157
279 342 351 892
325 873
172 321 667
657 1102
111 423
309 384
482 745 762
545 657
377 544
459 522
184 499 911
191 907
181 561
284 545
9 10
7 9 1202
6 342 702
17 342
423 519
184 252 757
184 757 804 911
186 321
184 252 719
669 876 892
701 784
7 9 10 1202
385 705
92 184 911
503 550
158 326 416 608 762
263 833
384 487 554 1192
705 960
307 645
253 882
263 303
359 536
17 727
10 923
64 307 881
1 526
10 184 719 911
128 196
248 263
7 10 1202
99 248
99 784
690 871 960
184 252
284 418 657
284 747
529 752
92 184 804 911
804 911
132 536
184 657
519 952
144 908
592 670
342 348 592 702
10 184 757 911
343 459
303 819
1 275 330
263 873
501 571
960 1189
501 884
423 464
169 367
77 224 363
184 719 911
363 1189
86 503
187 784
303 833
342 357
911 921
886 1118
132 449
141 738
67 172 667
172 487
326 762
1 330
367 701
9 10 184 911
423 464 596
921 922
184 911
338 351 434 526
459 908
338 351
153 561
60 819
77 363 459
440 873
99 758
690 871
348 702 881
169 906
244 783
418 459
64 244
662 742
784 884
668 685
685 1140
172 667 747
17 423 606
77 886
95 346 546
275 330
192 662 742
326 904 1157
487 620
819 884
145 241 399 542
172 321
299 705 871
359 501
620 819
330 693 881
363 657
423 464 606
561 701
169 501
252 719
669 731
77 657
172 752
284 503
657 911
10 184 911
464 606
92 184
92 252 911
501 873
158 326 608 762
873 884
172 384
487 908
1 351 434 526
284 784
367 832
149 372 587 702
1 330 351
503 873
10 911
998 999
321 667
184 1116
260 376
282 503
685 747 1140
690 960
284 487
459 787
359 784
17 423 698
330 351
194 299
299 385 705
321 571
10 184
319 326 482 1002
705 871
55 230 704
88 908
912 921
92 804 911
275 783
144 1133
217 784
248 819
172 765
757 804 911
184 804
77 224 363 459
185 705 960
399 542
464 596 670
145 399 542 1052
10 912 921
2 522 657
363 886
503 690 871
17 464
685 747 952
248 321
217 747
423 738 739
17 342 366 712
469 534 693
657 825
148 819
45 74 330 429 881
747 752
307 1006
459 1130
172 174
300 908
77 566
77 594
92 911
64 342 881
148 784
223 438 599
247 263
342 592
141 244
149 330 534
712 763
77 363 776
10 911 921
118 367
482 490
230 675
213 937
132 857
819 908
106 319
213 873
307 423 739
342 348 423 702
326 482 745 762
519 689
59 987
685 952
719 911
363 776
366 779
9 922
330 876
330 429
158 326 608 904
187 501 873
185 705
92 252
186 248
45 857
186 571
326 649
657 1130
184 252 719 911
309 378
145 542
184 252 757 911
342 712
77 363
343 378
223 599
309 343
244 907
332 444
128 503
423 596
172 657
77 224
757 911
172 620
145 399 542
17 993
279 342 351
464 592 596
148 260
592 596
77 1118
91 319 482
172 667
224 1118
309 343 378
172 1206
145 399
363 459
