284 420
345 564
428 728
9 56 172 188 284 420 428 657 682 704 910
345 428
30 48 118 420 548
55 128 657
10 657 766
172 358
188 881
95 348 702 881
144 780
92 184 191 908
53 428 766 780
420 682
145 359
704 766
172 458
90 952
244 529 752 935
136 239
30 420
106 482 745
564 766
73 720 752
48 479 657
428 794 1069
459 778 806
81 766
276 490 990
196 343 747
230 580 766
407 522 550 1071
420 784
172 561 667 705
282 590
428 522 657
411 420 423 779
411 684
96 682
184 382 384
141 244 659
55 1173
174 784
366 693
440 766
423 657 874
53 522 766
172 321 420
92 184 719
779 1018
378 1113
237 263
737 766
152 361 685 784
455 935 1174
144 300 420 440 493 667
326 482 622 745 1002
152 487 685
128 343 428 503
70 81 88 100 113 132 144 152 172 177 247 248 388 440 470 571 636 667 670 685 716 758 802 819 873
188 493 766
284 493
53 284 420
766 780
95 509 546
56 232 704 805
30 196 459
682 704 766
522 1057
188 428 682
17 343 423 592 833 952
72 313
244 428
128 428 522 547 657
428 682 1186
67 144 248 439 483 641
96 99 130 284 420 423 470 487 493 704
271 455 470
88 145 282 299 420 619 833
260 274 718
99 610 766
184 455 766
236 282 308 473 613 758 1113
348 534 702 837
25 82 229 282 377 545 657 723 806 990
187 487 784
55 407 1186
191 308 766
9 10 243 259 487 802 990
420 487
177 188 232 343 440 487 493 507 704
657 969
661 766
113 758 1133
56 420 766
73 519 845
191 345 455 657 867 1006
99 177 248
248 420 833
493 737
194 487 644 701
183 863
191 217
188 522 657
154 672
53 780
188 230 259 470 657 675
128 418 428 493
407 428
53 737
188 657 766
73 428
196 284 420
56 657 682
243 479
592 670 806
196 363 592
682 766 784
217 543
55 230 282 284 309 704 766 871
45 75 111 171 272 308 321 420 428
45 780
244 366
230 343 719
489 784
213 857
230 735 766
17 270 291
172 174 345
325 501 759
342 348 423 827
592 874
81 576
330 410
134 230 243
595 960
62 64
17 592 881
188 806
1 330 459 876
309 493 766
188 428 547
17 70 345 423
316 343 542
248 780
118 217 359 752 802
33 420
88 144 172 240 300 314 321 343 383 440 472 667 1206
274 519 718
243 576
56 177 184 274 284 300 428 496 542 655 657 716 796 1070
766 990
410 619
184 271 470 719 766
657 907
460 644
55 487 704
784 977
428 683
172 343 657
55 230 682 1186
172 343 667 752
132 309
295 438
81 145 172 248 321 378 571 667 819
191 196 455 657 935
428 704
25 53 87 282 377 970
96 252
284 1076
45 74 172 194 244 385 440 561 661 667 710 747 752 784 843 873
308 420 613 1113
53 184 428 737 766 780
53 313 773
423 766 1113
213 369
10 43 128 146 230 284 379 387 428 470 493 657 866 887 910 934 995
244 248 420
428 459 682
380 428 682
132 144 747
766 982
284 420 766
141 172 307 667 766 881
141 172 184 191 236 244 321 335 382 470 503 571 704 710 719 737 766 805
111 592 698
384 554 651 1192
418 766 780
610 766
348 702 738 881
428 501
271 766
73 766
428 464 596
196 236 470 1130
646 780
580 704
420 423 613
418 493
657 794 1069
169 367 832
196 382
560 640 833 839
184 284 730 766
373 487 571
525 661
152 503 685 1140
90 230 263 420 428 705 757 863
196 493 1113
443 561 701 758
55 343 428
88 428 493
67 766 908
284 483 867 944
94 433 622
428 766
545 1174
19 657
55 230 766
367 420 832
62 100 128 187 191 248 282 300 321 343 470 525 636 673 784
169 186
17 592 951
184 428 682 796
141 244 420
230 259 380 806 826 863
300 884 937
683 766
128 522 657 682
132 367 571
172 592
81 172 174
669 899
55 184 252 766
111 172 188 230 321 561 657
901 1071
118 766
428 873
55 230 248 282 459 970
483 1199
244 284
99 866
243 373
67 191 303 525 805
53 188 418 657
271 493 657 766
373 493 766
275 338 616 670 791
172 174 503 952
128 284 780
56 428 657 766 796
407 766
420 423
128 152 172 284 369 527 685 705 765 858
459 766
184 343 428 646
191 407 428 522 863
423 806
252 493 527 719
248 503 657
141 244 284 710 867 876
483 766
152 217 369 685
590 657
418 780
213 501 853
88 99 140 701 920 1185
17 30 67 74 284 303 657 755 1008 1113
144 158 188 560 608 657 780 1157
284 428 657 682
275 876
528 799
550 657 766
25 284
252 343 766
341 766
501 983
194 299 385 423
226 325 937
184 493 704 766
119 335 519
284 696
373 766
158 490
493 657 766
10 382 921
282 766
757 780
119 511 701 704 758 802 833
144 248 361
810 1113
172 263 343 667
19 86 167 230 470 784 802 858
418 657 804
284 487 766
88 309
884 977
54 187
373 522
17 951
343 944 1113
230 610 657 766
111 519
487 829
377 612 802
590 661
30 45 54 263 282 384 554 758 945 970 1192
53 236 326 384 407 416 459 924 1157
545 657 682
67 312
300 765
128 657 780
522 730 780
428 698
244 248
489 657 685 755 1113
661 737
81 345 387
191 420 428
230 284 503 766
248 571 640 839
284 420 483
158 326 745 762
341 606
758 960
184 428 751 796
308 420 1113 1199
191 420 428 455
143 184 252 719
470 592 644
766 969
191 230 284 428 547 657 747 752
177 487 759
62 99 213 325
420 710
184 428 682
145 944 1113
96 766
428 737 766
172 765 1113
230 428 580 740 766
191 244
208 784
428 682 704
359 420 784 873 937
132 169 784
501 559 977 997
87 128 184 188 230 244 382 459 479 701 737 757 892 921
244 1113
7 522 1202
92 184 428
284 1113 1146
284 428 657
160 684
172 667 758 873
67 997
174 747
100 181 271 282 321 376 571 735 753 951 1103
312 561
191 420 423
741 806
23 158 482 1157
177 780
191 1103
112 187 213 263 873 937
152 172 685 747
766 852
428 493 657 682
284 503 780
6 141 172 230 234 310 329 438 459 487 561 603 610 661 667 705 765 867 947
284 420 483 503 802 944
172 284 303 641 667 701 908
766 874
308 420
898 987
118 119 153 186 236 244 501 607 806 845
99 300 873
152 282 685 705 752 863
188 766
613 819
48 53
191 420 484 493 561
177 188 220 248 270 723
244 625
272 306 881 1094
64 172 240 274 307 321 377 657 718 881
144 145 440 908
342 348 366 410 507 693 702 881
7 9 48 282 657 1202
284 780 852
284 780
56 128 428 657 1082
141 181 244 260 261 284 661 701 710 1146
191 805
59 62 487 987
128 522 657 780
88 300 487 571
128 345
48 657 766 1113
188 459 838
53 493 908
54 619
90 806
58 1174
438 461
188 220 303
172 594 667 747
230 287 411 420 613 655 705 726 766
19 86 185 188 268 309 343 385 423 470 655 705 802 819
366 507 693
58 345
248 321 641
550 657 780
86 685 952
55 230 1173
345 747
119 369 519
3 420 657 682 719 740
169 187 271 747 758 780 937
55 230 470
366 592 698
188 428 737
128 657 1113
70 636
592 742
191 284 766
644 845
86 191 270
19 589 783
128 428 522 657
220 501
191 1207
196 284 766
367 493
702 881 1082
153 977
177 367
144 177 248 321 747
81 194 326 644 705 871 904 1007 1061 1157
455 657 780
780 784
59 86 144 359 987
86 141 153 172 191 428 493 503 529 576 595 644 667 752 863 935 995
153 286 561
418 423 657
134 657 780
191 345
128 191 459 592
385 519 705
99 128 184
88 172 268 282 284 470 550 657
56 128 780
501 580
230 382 387 657
53 145 244 263 282 284 303 470 493 607 682 792 845
766 1029
1 96 330 351 503 945
53 826
780 873 937
230 252 493
284 682
132 144 873
86 214 1113
503 657 766
493 503 1113
45 423 428 459 463 507 682 787 852 935
191 284 420
152 172 685 1206
152 284 545 685 747
230 428 550 825
230 345 493
30 232 378 420 493 676 704 867
134 420 542 944
62 152 685 784
196 420
128 282 766
99 177 701
657 737
196 730
55 86 184 410 522 657 704 737 766 804
410 766
95 220 296 325 379 880
423 561 1091
188 230 644 704
112 113 169 184 187 188 196 230 232 263 271 273 284 300 303 384 487 501 704 784 873 884
10 128 140 172 300 321 470 525
522 682 780
86 244 321 369 383
284 418 766
188 230 766
113 144 873
7 9 757
128 134 657 766
92 184 252 780
17 380 423 596 606 698
128 248 522 766
367 766
647 682
23 319 326 482 745 1002
345 1011
65 318 758 882
428 751
99 561
438 1113
53 428 682 766
172 248 321 701
191 343 423
284 682 766
503 657 780
704 730 766
493 780
56 657 780
53 140 172 188 191 220 271 493 496 501 580 657 701 704 819
55 191 248 284 1006
237 325 501 559 619 644 884 977 982
111 244
374 883
153 507 564 701
308 1113
470 493 657 766
153 487
187 571
299 385 661 705
220 937
284 296
155 244 448
58 153
196 284 522 657 723 766
67 172 384 701
169 359 367 857
766 799
613 1113
348 693 881
230 428 766
10 188 230 440 657 704 757 766 784
737 780
230 271 459 470 1071
271 522 644 657 675 792 825
253 318
128 152 172 667 668 685 747
64 230 271 274 282 345 470 550 718 826 881 970
595 616 876 881
59 359 833 987
99 172 234 329 603
766 802
230 704 766
155 448 561
309 561 751
519 898
128 455 657 766
202 519
10 62 88 123 128 130 172 186 296 321 376 441 459 493 546 595 701 766 887
236 1113
188 459 473 657 704 735
99 459 571
682 766
15 428
62 230 766
382 682 704
67 1113
766 960
483 503
284 428 682
309 1113
766 805
184 455 780
45 766
610 659 867
17 55 95 248 263 309 346 394 464 509 546 657 765 822
20 410
341 713
172 384 657
230 493 766
758 819 937
683 780
73 116 411 519 523 720 845
172 309 378
308 766
144 991
313 503
702 1082
128 284 766
730 766
635 1174
60 100
191 250 262 399
284 1113 1199
188 387 550 682
17 366 739
345 529 636 752 935
230 428 799
45 420 920
96 887
528 766
342 348 423 625
55 428 682
284 668 685
86 144 766
490 905
657 766
56 128 428 657
81 175 190 254 272 274 344 348 366 529 616 625 702 718 733 752 881 935
194 343 349 385 423 657 735
384 487 554 977 1192
67 172 174 263 620 982
284 300 701
145 172 174 191 284 343 382 428
470 493 780
503 550 780
45 172 343 366 423 459 470 522 667 784 802 874
9 10 56 766
230 455 766 935
619 766 881
188 230 308 420 758 1113
230 704 780
56 213 282 407 737 1115
56 188 657 766
418 737 780
99 459 470
144 373 487
128 657 766
244 384 947
17 428 698
152 172 194 385 655 667 685 705 759
53 487
184 493 657 780
134 766
67 172 321
428 550
374 561 564 883 932 1189
115 318 635
56 271 428
172 230 261 274 284 343 420 472 522 667 1202
182 271 284 366 382 459 766 805
282 410
384 748
418 428 657
56 184 428
420 462
188 522 766
128 157 191 232 309 343 384 561 704 766 784
172 819
373 428
487 501 884
172 321 343 571 667 701 980
191 542 780
128 657 719 766
342 351 625 670 880
675 1113
19 230 243 259 282 321 470 561 562 619
271 428 493
423 705 1113
70 428
522 780
657 766 1113
169 501 590
428 1151
342 616 892
53 418 493
420 483 1113
58 420
449 657 944
53 188 428
155 172 376 561 789
43 86 613 944
268 410
300 884 952
172 519
418 493 522 766
780 805
172 287 344 519 747
766 887
496 657 780
230 232 493 704
230 550 780
196 428
418 657 833
184 428 547
230 428 657
58 172 230 423 459 493 644 667 670 874 1130 1174
188 230 271 470 507 766 802 907
657 995
45 100 172 188 263 287 321 343 366 423 428 595 723 747
299 385 690
7 420
483 613
276 905
45 118 169 194 705 784 857
331 458
91 158 482
145 232 284 334 343 704
230 246
70 172 271 274 348 366 469 595 625 881
86 766
636 766
191 236 806 822 866
801 1063
119 274 327 864
309 428
3 152 685
418 428 887
67 302
324 669 765 876 881
196 459 1069
184 271 493 766 901
313 657 766
30 48 284 309 373 420 487 657 802 944
343 503 554 641 657
184 230 503 657 730 766 901 1186
497 564 883
56 67 184 230 407 657 766 804 1126
349 766
187 373 571
176 373
92 184 382 428 657 704 794
90 299
188 459 792
326 622 1002
455 522 766
53 62 172 177 343 385 487 667 701 755 863 866 877
23 158 478 529 608 752 879 935
284 704 766
661 780
284 428 780
284 309 459
420 704
99 132 172 667
188 550 657 766
128 470 792
420 428
284 420 470 705
284 420 592
780 887
542 1113
90 1113
73 169 274 359
230 595 766
483 780
20 172
77 144 172 177 300 321 378 428 667 701 819
487 802
144 440 701
947 1113
377 519
58 511 833 995
284 522 657 766
676 766
86 128 263 403 522 547 657 766
92 230 766 804 901
62 187 325 884
144 188
90 369
86 657 766
73 119 274 282 335 519 636 668 685 718 720 845
373 487 571 853
153 483
274 327 864
373 819
230 657 747
271 499
86 118 126 463 657 704 857 881 920
766 944
19 188 230 418 704
173 277 384 595
657 766 802
418 766
455 806
415 766
177 191 284 308 343 522 757
230 522 550 704 766
172 1174
342 351 881
271 307 657
4 184 657
196 522 766
172 321 1113
232 284 420 704
493 682
87 780
62 81 145 172 191 194 220 240 281 282 287 343 345 384 411 598 667 741 753 759
56 92 184 657
110 766
25 230 385 420 459 493 704 805 920
19 410
70 327 364 864 998 999
119 574 646
230 428 921 922
53 145
487 571
428 1045 1073
67 172 371 765
758 784
172 343 376 440 443 667
566 766
183 742
428 592
88 138 152 191 284 542 685 819
342 372 587 592 702 827
308 944 1113
172 330 526 806
158 326 482 608 745 904
99 153 561
99 284 303 562 833
824 864
300 443 470 511 819 880
17 784
111 592
503 545 657
15 55 128 172 184 230 259 321 402 459 470 525 613 657 910 1200
230 309 349
10 184 263 503 780 787 907 1156
153 172 181 321 325 552 561 701
81 428
184 780
519 668 685
421 596
75 152 685
55 1071
99 172 184 188 271 282 384 387 470 547 566 657 682 766 980 995
81 269
428 496 522 657
428 887
613 766
56 704
191 303 423 483
802 881
128 230 284
128 428 595 610
550 994
90 128 952
428 778
682 1173
279 342 351 876 881
64 172 321 338 351 434
172 174 248 343 345 369 493 657 848
420 857
428 863
169 201 299 367 550 676
489 689
529 545 752 935
236 783
184 657 682
56 428 1029
56 459 470 479 657 682 766 799 805
455 901
188 766 887
184 284 610 682 911
780 935
326 622 745 1002
710 747
96 493 908
152 299 661 685 705
321 1113
140 177 321 420 470
55 92 657
88 177 184 270 428 657
48 172 343 747
522 657 766
128 682
67 172 284 420 470 487 641 667
423 428
188 657 780
7 9 376
244 944
169 465 487 873 906 976
191 766
230 470 657 780
270 428 444 595 980 1029
56 128 522 657
191 590
470 696
247 937
418 866
428 655 705
62 141 244 263 282 321 554 701
56 196 282 325 657 701
99 172 174 384 571 784
299 385 655 705 780
56 92 128 184 282 522 657 723 757 766
67 172 194 287 300 385 455 644 657 685 758 787 802 806 952
86 172 184 343 667 757 766
378 766
493 522 657 780
487 544
341 874
244 579
230 428 682
144 172 309 667
65 318 855 882
65 130 318 486 882
685 690 952
407 780
96 428 682
248 1192
172 378 1113
191 780
62 784 819
460 883 932
152 459 685 787 874
45 748 1006
194 329
284 428 455 935
343 400
172 343 443 667 1206
230 547 657 766
428 455
470 657 723
53 428 1069
10 128 140 172 300 321 470 935
128 230 657 766
4 42 45 70 428 493 528 735 822
128 780
300 689
470 780
935 994
345 636
428 951
428 455 657 682 935
136 864
62 325 501
144 519 819 833
169 187 325
766 778 780
65 580 882
99 884
428 784
223 740
309 324 766
77 128 594
571 580
382 907
196 550
284 766
88 144 187 290 300 571
73 863
571 572
382 384
613 780
187 325 367
282 550
188 303 420 464
682 766 887
45 613
128 382 428
53 230 316 657 1113
188 780
64 70 153 172 181 321 459 470 525 529 561 625 701 702 752 759 874 881 935
423 1113
191 248 343
780 1126
47 64 172 184 321 382 423 470 561 657 667 701 738 753 757 805 881 921 922 945
90 128 134 230 240 428 657
184 191 766
253 766
361 676
737 766 780 901
184 428 796
88 213 325 620
49 169 832
428 682 887
191 592 657
780 944
118 172 248 300 657 667 780
191 428 657
348 410 592 702
441 787 1146
191 230 428 547 657 747 752
128 696
191 260 284 420 511 690 784 871
580 670 740 1125
263 644 766
284 300 303
188 610 766
144 172
132 169 359 758
88 367 873
172 240 343 1206
99 248 884 1133
145 230 309 343 459 573 657 944
5 1113
99 542
411 881
287 449
428 682 804
153 155 181
92 184 252 499 633
418 682 766
130 253 318 635
682 766 780
58 472 758
487 661 995
418 682
128 230 423 493 704 1103
53 778
81 274 324 355 519 523 545 576 641 718 720 863 1021
613 792
128 428
17 423 428 464
128 173 271 444 459 766
284 802
118 201 390
139 271 428 657
88 833
128 284 657 780
284 946
428 522 675 683
455 778
99 172 657
88 184 188 230 270 359 367 382 657 683 766 796
99 747
107 172 254 260 281 519 667
74 128 259 284 395 459 624 625 771 946 1071 1130
284 420 470
359 833 906
153 282 351 434 526 907
282 682 752 863
172 519 595 668 685
428 444 682
657 901
259 415
56 77 86 95 100 128 140 144 172 177 184 236 248 259 263 284 299 321 336 346 385 394 423 449 455 459 470 509 522 525 542 546 655 667 701 704 705 730 759 766 784 794 805 850 873 901 921 945
343 780
17 126 366 464 739 763
45 169 359
86 428 682
387 766
522 547 657
158 274 416 482
184 493 657 766
230 284 420
374 561 883 932 1189
428 657
184 282 766
493 704 766
682 737 766
284 321
99 191 1113
188 191 284 766
263 561 592 670 876
300 780
188 252 657 780
128 657 1006
188 493 780
132 152 685
766 1069
184 428
187 367 758
144 248 263 282 299 385 528 655 682 705 908 960
766 1157
1 45 121 330 351 431 892
522 685 952
384 701
428 710
303 784 819 1133
675 766
284 554 766
175 282 327 342 348 366 380 431 693 733 913 921 1004 1153
172 428 503 545 784
428 675 704
428 780 887
407 657 747 766
56 60
610 1113
420 503 946
287 504 554 810 871
128 248 766
243 935
284 778
420 496
802 908
58 169 1174
263 299 385 655 705 1071
134 840
172 240 420 545 667
144 440 501 784 819
67 144
248 496 522 610 657 766 805 833
153 172 420 667
132 152 191 287 685 784
111 186 286 345 367 423 507 519 698
342 366 410 596
542 1063
220 501 559
172 361 595 667 685 718 952
55 263 444 459 487 657 1192 1193 1209
644 709
270 726 850
88 428
45 204
428 444 459 470
153 172 244
7 282 343 382 545 786 1202
27 30 52 420 1146
230 282 284 493 960
413 780
410 935
73 187 501 571
351 371 444 526 547 657
594 766
4 244 322
56 428 657 794
53 428 682
136 263
144 152 177 685
766 867
53 737 766
284 969
214 243 379
359 501 833
172 359 423 1008
70 172 428
522 657 994
53 188
53 188 522 780 792
188 230 704
184 682 719
58 153 155 283
590 766
595 758
470 487 657
290 350 937
382 806
682 778
53 128 263 387 423 459 464 470 525 596 657 787 794
91 482 745
30 299 420 483
601 690 871 960
128 833
300 501 580
62 88 187
172 309 343 378
571 644 832 1045
90 461 747
53 455
493 503 766
67 384 503
384 766
184 493 908
172 657 766
766 804
263 506
96 230 410 1070
493 866
196 418 428
196 780
470 704
657 723 780 792
58 181
515 549
227 595 765 881
144 420 561 710
737 1186
188 428
184 1175
64 576
274 458 718 826
321 361 472 701
428 682 780
657 675 805
428 737
67 128 140 172 184 191 366 423 464 525 545 625 667 701 857 880 1008 1113
420 503
169 172 657 857
53 86
88 428 493 657
657 704 766
416 482 622 745
128 657 766 1102
361 501
134 188 191 230 296 493 657 723 766
191 385 655 705
45 1113
128 230 682
455 766 935
56 188 522 766
172 321 343 667
45 48 58 74 144 145 172 177 191 248 255 293 295 300 309 343 369 400 411 418 419 431 440 444 473 489 496 503 522 544 636 644 667 685 701 752 753 758 766 825 857 863 880 1200 1206
382 428
503 682 946
191 595 1071
64 271 625
657 780 944
501 815 873
657 1113
562 937
482 905
230 428 459
657 682
3 45 58 62 86 141 184 240 244 247 268 321 345 420 423 525 657 667 701 747 757 801 822 833 881 892 1021 1024
191 230 470
705 752 871
172 300 302 487 620 747
284 675 780
153 517 873
128 455 757 907
545 792
86 175 766 794 874 966 1004
613 682
62 141 153 181 196 232 244 274 284 420 521 704 787
17 48 145 172 179 220 239 299 420 641 701 705 944
208 248
670 766
194 309 343 423 487 503 522 544 752
522 657 766 805
223 599 626
75 952
11 128 153 172 428 460 493 496 522 561 625 657 704 787 874
493 595 657
244 766
263 483
211 275 669
284 867
45 284 347 487 571
884 995
184 188 766
54 184 260 385 440 487 493 545 657 705 766 819
55 704 766 908
172 196 263 284 321 359 501 758 765 937
528 871
115 842
528 655 705 960
56 407 428 522
562 792
53 766 780
385 455 655
58 75 88 172 177 187 191 214 248 263 321 376 384 428 440 449 503 554 562 571 595 667 701 704 880 887
720 806
172 321 440 620 667 1206
367 454
287 690 705 871
428 483 682 737 778 780 969
326 608 762 1002
747 780
188 1113
167 766
522 657 780 805
53 428 566 766 780
152 300 449 459 685 806
248 561 620
230 271 682 804 990
682 887
128 232 704
428 705
657 766 887
17 592 1113
67 384
613 784
184 230 376 479 683 719 805
428 444 887
64 153 881
428 901
186 274 718
99 172 248 321 667
220 493
232 704
158 608 745 762
62 213 359
316 780
423 766
3 399
284 675 704
62 172 177 261 309 343 345 440 667 701
128 766
428 682 766
479 682
3 172 244 284 636 667 801
1130 1146
802 840
58 367 701
191 239 287 355 705 747
453 501 740
172 174 401 444 571 780
343 542 610 641 852
420 613
186 319 326 482 762
140 286 449
5 308 420 1113
306 794
100 144 240 248 263 284 303 440 493 701 704 737 784 819 833 873
145 241 343 420 489 542 685 944
191 259 619 880
806 947
134 244
644 766
676 857
145 284 399 420
144 428 682
308 657 766
274 705 718
10 184 704
384 410 470 644 880
300 766
56 766
66 152 685
112 187 325
908 935
522 766
132 284 428
56 188 230 428 657
545 747 748 880
158 184 326 608 762
55 184 737 766
55 92 230 259 724
503 613
53 566
191 752 863
428 682
184 252 657 780
177 188 230 271 296 428 470 657
3 144 321 378
65 145 191 300 420 428 882
99 536
172 667 1113
184 418 522 657 780
191 343 455 525 766 784
55 990
487 655
313 444
271 737
384 428 766
128 428 682
144 188 657
259 284
53 766
384 554 644 1192
17 342 366 670 712
369 684
428 792
230 407 908
188 230 428 547 792 1116
86 144 248 263 321 897
428 657 1026
86 463 507 783 784 907
55 230 237
345 686 741 806
45 86 153 155 181 214 240 440 667
459 780
493 704 792
428 455 935
53 522 1113
657 780
284 730
55 230 1207
428 682 766 780
96 128 172 309 696 792
128 657 682
144 263 420 641 766
633 1180
188 606 698
17 128 423 482 657 910
420 944
56 172 259 282 284 407 459 470 995
182 864
33 177 191 263 284 287 343 437 525 571 753 880
571 758
284 420 545 661
62 99 132 284 287 833
53 172 493 641 667 704 737 747
493 704 780
428 805 1130
493 867
55 1207
420 1084
657 726
284 546
284 299 385 655
345 780
284 420 428
55 343 366 423 455
82 230 766
428 705 960
418 428
309 428 701
270 428 493 657
25 490 550
53 428 766
62 169 213 501
169 359 470 770
326 892 1002
282 561 701
773 819
144 1130
428 826
299 385 519
657 682 737
100 144 172 174 261 321 487 667 701 758 873 984
371 522 657
610 780
53 887
287 766
303 667
56 67 460 705
592 698 727
308 766 1199
501 559 571
54 487
407 704 766
188 230 385 655 705 908
53 522 562 730 1113
612 657 826
420 428 704
184 252 545 911
248 784 810
60 184 188 196 376 385 428 470 525 655 705 784 907
415 420
58 863
549 947
128 769
493 766
99 407 704
1048 1113
493 657 780
196 766
631 995
230 428
470 496
252 757 804 911
172 321 483
428 1029
128 493 657 766
230 284 455 935
128 493 780
287 359
196 313 428 459 766
87 128 182 544 657 725 778 907
428 780
30 747 952
128 503 780
55 766
380 428
81 345
45 56 62 88 128 284 428 440 657
780 1113
128 284 493 766
58 155 376 561
213 428 1115
342 348 592 702 826
141 244 420 613
384 544 619
695 956
473 780
58 220
57 172 185 234 287 299 329 418 603 705 871
96 428 766 780
348 1071
86 87 110 172 244 496 545 657 766 805 951
303 420 483 613
944 1113
661 873
118 780
237 501 559
230 391
220 373 487 571
410 428
230 455 935 994
343 815
60 747
309 901 1207
270 339 428 550 657 682
191 287 385 655 705
53 904
144 169 359 428 657 873 1008
65 253 318 635 882 942
428 684
62 116 300 411 487
194 766
420 766 784 944
152 685 833
657 766 994
367 655
17 188 366 380 382 428 501 544
428 735
515 549 557
53 188 191 309 493 667 704 737 743
359 995
282 420 592
184 252 428 657 901
4 56 123 128 136 339 470 704
420 655 705
53 86 95 145 284 346 394 423 509 546 631 682 787
92 252 766
86 144 248 263 284 321 897
284 636
128 145 766
284 420 428 483 493 613
557 644 780
248 501 559 747 873
67 188 343 470 493 555 595 641 657 792
64 902
299 752
271 544
77 428 682
342 348 366 693 733 913
118 172 261 443 667 747
99 248 418 420 428 459 470 493 525 805 944
263 561 641
244 384
343 376 382 704
237 263 737
385 561
185 428 705
188 428 1029
96 118 188 359 479 496 522 657
96 428
98 136 282 299 420 470 550 592 646 766 970 1045 1193
136 145 172 185 230 282 284 287 343 470 493 610 657 704 705 789 805 1206
132 359 630
196 284 507 657 751
177 191
428 444
487 657 766
158 326 608 879 1002
70 106 433 482
45 343 428 503 701
487 1192
172 240 321 561 667
5 55 284 420 487 704 819 833
657 780 983 1164
470 802
783 1068
94 319 326 433 482
172 217 747
67 284 423 428 705 1113
455 780 802
284 444
128 191 343 400 657
55 230 590
470 766
62 88 187 213
428 804
782 784
73 254 277 595 995
62 86 833
45 132 144 359
259 407 428
420 766
188 270 428 657
53 418 766 780
270 300 547 571
30 48 172 174 321 343 428
230 284 766
67 172 248 343 387 667
62 284 501
81 185 705
1113 1199
169 423 470 783 857 899
9 10 99 172 263 361 496 780
543 573
274 319 482 745
342 348 592 826
423 682
152 459 685
88 248 595
172 644 864
111 284 717
525 766
309 377 420 423 493
17 70 191 248 342 366 377 505 529 752 935
134 704 780
128 493 522 657 766
9 566
284 483 944
657 719 766
345 766
172 191 359 667
590 780
230 1174
420 747
244 420
3 48 141 244 428 657 766 822 866
230 592 613 779 1181
65 766 882
62 220 501
148 376
428 1113
86 460 561 784
428 550 682
557 778
420 705
184 766 780
284 343 545
128 172 194 667 965
308 780
58 1125
53 55 284 420
174 410
512 1006
595 773
600 758
284 906
118 359 752 802
326 482 745 904
81 487 598 759 871
423 921
274 864
230 780
282 325 701
487 867
515 994
284 300 420
148 590
111 420
418 737 766
172 377 544
53 184 428 766 780
92 682 766
444 493 644 766
244 503
53 657
244 646
428 522 766
188 191 230 428 455 657 704 935 966
230 270
470 657 675 792
56 657 766
271 1173
90 657
99 220 571
55 867
657 778
284 737
208 407 657
284 382 420 613 704
382 385 655
86 459 522 737 766 863
271 657 766
112 213 501
946 1199
55 724 792
263 571
630 675
153 325 564
128 343 503
186 191 307 881
1 188 230 321 455 566 774 892
99 321 833 873
184 493 780
263 972
529 748 752 935
53 99
184 428 719 804
172 244 561
99 177 303
55 444 657 766
30 64 828
74 152 685
342 625 702 881
194 1113
268 561
158 440 608 628 1157
172 291
359 539
55 82 377 382 387 459 657 792
230 387 766
155 595
56 522 657 766
53 682 737
88 132 489 554
23 326 482 622 745 904
184 730 780
128 657 695
528 747
55 455 704 935
172 519 595 668 685 759
191 1113 1146
239 705 863
418 428 503 657
321 373 428
366 410
95 394 546
345 428 766
153 172 657 667
77 566 766
547 657 766
90 784
172 174 359 367 747 877
657 766 805
145 299 343 411
128 522 766
99 145 309 378 428 592 701
284 309 766
128 428 522
65 88 882
56 128 169 213 336 522 614 657 884
503 766 780
99 191 701
248 640 758 839
244 420 613
62 1113
444 455 493 935
248 766
309 321 571
62 153 667 669 876
373 545 747 752 806
758 819 833 873
94 326 433 482
74 284
780 792
407 657 766
4 428 459 826
96 780
144 705
128 184 766
232 704 780
77 370 384 428 920
53 428
55 128 766
327 410
230 503 550
141 307 881
186 443 511 627 667 833
187 501 758
19 56 284
89 99 300 428 503 682 758
778 780
282 428
184 428 719 766
479 766
172 260
407 778
172 284 343 382 428 493 496 522 657 723 1206
369 519
191 385 423 503 529 684 747 752 935
244 592
7 911 912
274 416 482 718 745
271 345
704 730 1113
428 496
56 96 794
158 905
410 620
522 802 806
428 545 657
99 613
86 410 704
184 385 420 496 655 719 766
282 561
145 284 1113
766 911
58 359
418 545
113 128 134 184 188 220 230 300 382 428 487 704 822
172 201 407 501 525 657
248 321 561 833
271 590
5 141 244
418 522 657 675
138 284 309
90 184
385 655 705 747 960
482 490 905
428 682 784
184 428 493 682
275 384 554 1192
188 410
55 284 766
99 704 730
676 908
574 646
619 990
366 420 545
384 455 554 1192
213 766
23 274 326 718 904
55 309 657 766
58 230 490 506 1193
428 493
730 780
657 682 780
62 188 325 501
55 657 766
92 184 737
230 232 704 766
276 905 948
641 766
220 853
592 644 792 1193 1207
145 420 455
10 56 184 428 465 479 522 682 701 766
243 667
13 153 507 564 701
230 277 388 657 766
53 158 191 236 326 384 407 416 459 608 924 1157
279 423 892
90 503
172 343 428 657 667
380 903
735 780
730 908
110 522
250 519
90 423
62 65 882
48 177 240 300 343 373
249 501 956
284 951
187 501 906
134 184 901
67 88 309 440 493 641 657 701 704 757 766 901
74 410
420 483
230 382 806
284 438 766
77 282 464 592 682 766
289 550
30 48 65 130 271 680 682 704 726 799 882
325 501 937
25 45 274 544
159 428 1029
359 385 503 545 655 873 884 937
780 863
115 542
420 483 613 767
138 373
230 455 780
263 303 359 758
172 263
118 144 169 367 548 701 758 857 880
271 780
460 561 784
611 710
128 493 704 819
67 145 172 240 343 560 593 610 661 819 1206
407 522 780
621 1189
45 55 128 191 232 420 428 704 944
213 325 536
56 682 766
191 595 766
263 740
172 423 765
75 99
86 191
230 387 455
705 1006
260 806
132 144 152 172 248 321 685
55 391
263 458 561 670 876
75 86 99 100 185 214 244 255 263 303 307 309 321 379 385 397 423 443 459 487 503 625 655 657 670 690 705 759 771 805 864 871
561 802
287 385 747
325 367 501 559
247 248 766
188 766 780
70 766
348 366 670 693 702 881
152 172 685
444 780
153 994
230 282 428 657 794 863 864 995
22 204 646
766 806
172 321 377
343 428 682
420 493 704
196 284 420 701
188 420 542
284 420 901
70 794
88 99 302 853
88 111 519 806
244 747
184 493 657 705 780 960 1113
625 645 759 850 1006
296 1113
99 580 740
550 907
48 737
7 522
188 307
867 1207
325 501 758
74 908
196 428 887
232 343 704 726
172 309 321
56 191 384 470 522 600
230 428 657 682
253 635
54 70 81 86 90 141 144 153 172 181 191 211 214 263 296 309 330 342 369 377 440 454 461 544 561 607 636 641 667 696 701 702 710 747 759 784 789 845 867 874 892 1204
282 881
230 244
384 806
172 303 667
284 335 766
230 455 657 766
284 1113
55 56 67 191 196 236 248 259 282 459 470 487 496 504 525 548 625 644 657 759 766 794 805 880 1204
30 52 191 420 944
92 522 804
17 482
191 459 522 657
138 284 1133
17 766
184 438
134 428 657 682
57 184 185 191 271 287 321 428 470 555 595 705 757 804 866 951
455 657 766 944
418 737
75 191 345 367 455 473 657 911 1058
99 443 667
55 545 780
1 321 561
737 766 780
590 592 670
437 1199
77 128 382 418 522 657 780
299 385 705 871
145 420 503
522 657 780
766 951
282 907
145 657 766 944
459 483 503 522
539 657
274 718
418 657 719
284 428
92 184 766 804
17 428
100 240 248 263 284 303 440 493 701 704 737 784 819 833 873
96 594
77 470 886
145 420
342 348 366 693 733
428 474 550 619 853 1073
636 748
81 720
455 950
128 191 657 766
676 871
252 657 780
330 351 625 667
780 802
766 946
58 561
274 718 913
172 191 248 343 595 641 657 661
191 282 420
483 682
479 657 780
65 169 882
511 972
173 263 275 309 330 876
230 384 459 549 672 787
152 287 657 685
428 522 682
819 867
172 667 769
282 343 428
213 407
211 534 837
230 487 595
128 172 184 191 230 261 343 419 428 487 503 522 657 661 682 701 704 719 737 747 766 1206
191 701
494 657 766
766 778
3 67
128 184 470 757 766
343 995
145 284
56 70 184 188 274 428 522 796
183 408
284 308 378 420 766
145 420 613
58 88 128 172 230 248 321 657 667 701
682 747
136 236 268 367 470 589 881
153 358 420 428 562 682 944
780 794
672 883
284 769
282 682
730 778
55 657 780
230 373 483
255 747
303 367 571 853
273 887
428 657 704
184 358 470
766 801
45 118 248 359 589 657 766 784 857 881
169 213 501 884
230 418 766
307 342 657 881
81 194 268 411 519 595 633 668 685 716 737 752 765 771 792 806 843 845 1150
67 327 423 551 864 1205
248 263 268 487
99 780
282 737 804
172 174 483
134 780
169 735
263 373 465 487
196 657 766
128 184 349 420 428 657 757
284 303
230 737
118 169 758
86 420
3 657 747
345 806
130 661
237 248 384 455 554 571 1192
88 213 1115
184 757 780
230 766
191 806
184 284 780
136 308
501 997
184 766
373 867
218 508 564 694
493 522 766
33 128 172 385 493 496 503 525 655 657 667 705 867 880 995 1113
86 88 172 175 177 181 182 185 191 248 263 327 385 423 470 472 525 554 561 625 641 655 667 705 759 765 787 805 833 871 880 1004 1206
657 737 780
74 99 172 321
88 220 690 871
459 470 610 757 766
99 194
561 564 883
58 367 571
62 67 174 177 191 220 487 571 758 840 873
342 702 876
282 355 579 601 657 792
86 657 780
892 1114
188 503 766
243 523
348 366 469 670 693
230 766 780
284 545 766
172 367 667
248 263 282 487
169 758 1115
53 550
158 482 745 762
145 420 944 1113
358 522
132 191
153 596
62 67 220 487 758 873
284 420 561
191 428
410 576
55 128 470 613 710
172 282 343 819 1206
309 420
144 213 571
73 793 803
55 184 428
128 172 184 191 230 261 343 419 428 487 503 522 657 661 682 701 704 705 719 737 747 766 1206
154 561 672
249 501
1 45 121 330 351 892
339 657 1186
191 384 420
144 780 873
145 1113
345 963
86 191 230 263 398 423
784 1174
55 230 428 682
511 833 1174
220 619
592 670 965
253 318 334 438
56 128 418 657 780
55 128 172 248 428 503 529 667 704 752 881 892
172 359 747
62 300 873
56 428
766 935
56 184
10 571
459 657 780
230 780 805
88 513
747 766
55 230 479
92 184 196 780
52 244 944
62 304 325 501 765
428 590
75 144 303 347 545 664 972
1113 1146
766 784
3 263
56 67 155 747
544 787
89 99 177 299 1182
284 907
169 420
343 428 487
407 657 780
88 99
55 418 780
55 1113
213 284
152 503 685
152 172 545 685 784
69 780
418 479 766
52 53 191 232 420 483 493 704 944
428 701
780 806
284 420 613
56 188 428 657
53 428 780
99 833 981
55 704 833
757 766
420 613 944
81 312 423 519 628 974
382 444 493 937
169 780
420 1113 1199
420 489 613 685 944
188 455 766 935
428 682 704 730
287 562
503 799
55 184 719 780
428 459 657
550 922
420 780
259 271 470 550 802 805 901 1073 1130 1173 1201
296 384 428 766
88 373 384 459 657 737 766 873
271 410
172 667 766
248 423
780 833
184 397
99 188 428 571 657 759 784
134 144 184 415 566 690 704 730 780 805 871 960 1116
118 119 128 141 244 255 345 428 487 544 607
196 428 474
271 377 544 619 1203 1209
25 45 48 196 236 309 324 343 366 418 423 470 479 698 723 747 757
67 765
17 428 464
134 901
252 271 470 719
145 780
64 348 366 693 702 881
682 780
287 519 747
343 366 423 549
503 944
184 459 493
152 644 685
459 1113
92 1072
428 866
70 94 172 274 296 319 343 440 443 482 554 595 646 661 667 718 753 792 880
580 784
507 685 1140
72 806
188 420 493 657 766
284 542 766
428 682 901
497 561 564 883
236 382 470 805
141 1113
428 641
184 382
459 766 794
9 56 196 282 325 657 701
194 780
944 1113 1146
55 367 704
3 995
658 766
418 493 657 780 805
428 957
30 48 128 196 282 284 428 437 561 701 806 874
230 543
188 308 420 698 894
55 248 704
188 428 657
6 342 357
284 682 780
110 428
496 1113
88 784
53 343 418 493 657 705 805
45 191 366 1113
359 571 725 857
243 428
499 766
428 657 682
463 507 1179
99 384
636 752 806
118 359 367
263 766
30 420 944
701 1113
188 420 704
10 1116
56 67 172 191 704 758 1070
188 300 455 784 792
545 947 1113
309 801
152 449 685 747
67 172 561 667
67 883
223 438 758
136 493 705
62 345 937
766 1113
145 420 944
311 1133
172 766 1206
56 188 766
345 698
99 701 1084
128 525 704 901
172 230 766
86 230 522 766
690 784 871
86 172 244 529 543 752 863 935 1058
169 487 501
321 443 511 667
248 385 655 705 960
188 230 657 723 766
172 667 907
194 230 448 561 595 661 765
145 361 735
87 230 383 657
420 595
284 657 766
675 1173
140 155 564
284 407 779
590 684
56 188 522 657 766
418 428 682 737
172 217
349 657 766
186 571 628 973
128 230 766
682 737 780
53 100 141 172 177 240 244 282 309 423 428 487 496 667 701 739 752 758 778
184 644
58 152 172 248 443 667 685 747 752 833
167 908
113 361 784 873
153 181 561 571
196 428 657
187 367 945
230 420 766
152 191
70 81 88 90 117 164 172 190 191 194 214 248 254 282 284 287 361 369 388 407 411 423 507 544 551 592 596 636 644 661 667 684 704 705 744 766 773 864
284 385 655
128 184 503 657 757 780 960
387 455 766
45 62 118 153 183 186 206 209 254 274 325 361 460 482 508 544 628 644 845 864 879
119 428
96 196
230 263 282 384 470 557
141 153 1146
287 657 705
58 220 833
384 644
308 1113 1199
373 483
428 455 545
595 655
65 318 873 882
657 867
23 326
343 550
88 177
55 780
128 487 780
30 657 1174
19 993
55 248 479 780 804 907
475 657
183 742 1091
153 177 275 330 561
55 184 188
73 81 84 119 335 411 423 519 523
56 184 252 501 766
99 191 248 284 701
223 766
529 636 752 824
418 428 682
111 186 286 345 367 423 507 519 698 759
345 636 789
158 326 384 608 1002
873 972
420 440 657 1173
294 810
788 995
52 244 778 944
56 428 470
511 888 972
9 194
106 158 482 745
191 420
580 657 766
428 766 780
244 683
191 232 420 423 613 661 704
230 263 1073
17 87 230 271 382 464 470 592 644 766 948 990
341 613
99 172 184 196 470 522 525
385 908
164 284
172 234 329 603 806
25 230 329 361 371 374 515 529 557 613 644 657 752 927 935 945 1207
56 726
145 343 544 657 766 944
30 43 45 48 153 172 284 321 420 525 667 701 881
128 284 455 459
319 482 745 887
172 244
152 685 747
420 1113
284 887
303 459 635 1125 1174
696 710
136 385 592 655 705
132 766
710 867
128 428 493 657
428 682 794
248 539
99 172 758
136 277 299 592
111 277
20 144 268
259 314 428 503 545
172 230 299 385 655 667 1121
188 428 726
184 1115
284 308 420 944 1113
128 657 737
55 704 766
366 907
766 822
361 410
658 701
55 284 805
428 644
140 374 571
86 132 197 303 594 737 758
19 784
134 284 780
3 284
90 284
172 780
92 184 863
53 128 191 657
766 884
819 982
145 284 399 420 944
947 960
274 309
284 704 780
313 428
384 470 564 747 766 951
232 704 766
659 874
273 343 804
418 719
546 747
128 479 780
53 1130
428 747
56 407 522 657 780
309 737
194 287 420 661
299 385 655 705 952
53 128 657
67 99 271 455 503 545 935
90 385 661
359 636
187 237 501
282 670
766 863
284 420 542
657 704 730
56 92 128 184 657
547 780
423 1179
169 187 819 884
244 657 944
704 730 780
657 806
56 560
705 780
62 440 487 668 685 758
483 657
191 420 592 657
359 758 832
303 321 561
282 661
158 416 482 745
284 704
185 343 428 493 545 595 657 705 822
284 423 483
287 657 766
82 644 657 766
248 300 640 839
55 230 493
252 766
428 459
259 284 382 470 525
758 1113
230 284 780
128 243 459
187 740
549 1207
86 710
276 747
62 758
128 428 766
62 428
213 345 752
38 53 92 160 230 237 780
56 184 407 470 657 766
172 284 1206
428 794
259 685 747 952
55 191 230
62 487 501
194 299 705 952
88 152 172
723 1113
30 766
184 428 766
191 670
420 428 550
682 737
455 766
119 646
689 866
55 501 580
92 780
99 561 1058
3 191
496 792
230 387 470
72 172 806
284 550
196 232 704 766
116 319 482
53 682
172 505 589 625 644 701
230 550 766
182 784
503 766
59 67 144
