128 141 172 244 268 309 361 561 607 641 783 1206
67 86 111 169 184 187 188 213 226 325 373 440 459 470 473 493 657 705 719 753 766 784 804 873 954
187 747 885
384 554 639 644 1109 1192
230 232 259 657 737 805
428 794 901
382 384 407 428 595 657 683 1029
72 661 741
55 73 128 230 366 428 470 657 704
92 184 271 428 657
81 271 395 423 428 614
428 493 682 701 805
184 252 428 737 766 780 804
10 56 235 271 282 470 657 766 796 805 1029
62 144 172 345 443 503 561 641 667 701 741 806
248 262 503 595
172 191 244 704
522 550 1191
263 277 440 479 487 780 865 884 901 945
24 25 259 282 470 490 766 945 990
99 128 140 188 303 753
73 172 271 295 361 411 420 470 603 613 655 667 681 705 951 1113
55 385 415 423 459 525 655 805 1113
70 345 428 503
135 172 175 263 264 333 380 489 503 513 524 636 693 833 835 840 880 881 1004
326 483 644 661 1002
263 487 675 921
263 758 759 863 884 997
503 752 766 863 946
99 248 312 701 935
159 191 428 825 1029 1194
33 87 384 470 554 675 1192
128 191 239 428 545 571
17 86 128 423 464 522 657 701 778
17 53 56 470 592 657 698
19 88 284 321 550
130 633 726
99 172 321 571 667
42 172 174 300
158 274 326 433 482 608 718 1002
53 232 263 309 373 970 1045 1192
96 248 395 757 957 1146
88 188 299 385 595 655
244 696 1139
17 428 501
96 455 459 780
428 459 826
4 42 70 428 493 528 735 822
191 271 428 470 766 794
23 55 128 158 248 282 321 326 377 459 479 701 766 879 1002
73 159 428 636 789 863
90 99 141 153 172 244 248 263 282 309 348 369 423 487 561 571 593 616 625 667 701 759 845 881 946
613 684 766
53 56 67 120 230 282 407 657
136 309
10 53 172 184 270 382 392 428 640 657 683 901
100 172 282 303 321 385 472 655 705
128 172 230 766
191 284 428 522
62 128 172 187 191 220 244 287 522 595 657
184 188 252 419 493 503 682 730 766
91 158 169 201 271 274 319 326 416 433 482 576 622 630 832 1002 1042
169 213 248 316 361 470 525 682 705 757 873
229 583 590
177 309 321 361 423 501 697 701 779
65 237 254 263 644 661 766 882 1207
172 230 657 667 682 747 766 780
172 428 522 657 682 805
345 407 470 657 766
172 188 545 780
100 503 561 571 701
284 290 300 420 428 459
282 522 640 657 766 840 1029
99 385 420 542 573 655
226 487 635 1207
428 493 766
92 230 428 633 833
77 282 420 464 592 682 766
177 240 263 321 376 545
172 309 343 487 545 657 719 747
48 55 64 141 244 284 385 415 428 459 470 682 738 881
56 184 620
56 230 359 367 387 657 976
407 459 592 657 766
172 420 423 613
20 905
136 299 420 423 705
188 230 579 657 704 766 826
86 144 682 751 780
455 1073
77 232 248 260 487 545 641 704 819
144 191 766 908
56 184 188 191 230 296 545 657 766 921
7 92 184 382 428 444 455 470 496 525 612 657 704
128 177 522 572 766
54 128 167 230 284 287 299 423 428 474 511 595 610 612 657
62 86 100 141 172 191 244 259 260 263 300 470 487 503 545 561 571 595 659 667 696 710 784 819 995
67 96 248 284 349 595 607 863
62 172 177 261 309 343 440 667 701 747
3 100 244 248 263 487 561 636 657 752 819 1146
95 184 185 188 284 299 346 385 394 423 455 509 546 701 705 766 780 874 1153
131 230 248 376 503 624
172 185 191 550 657 690 704 705 823
48 52 420 483 542 944
55 184 428 522 682 901
56 110 274 428 496 657 723 805
177 358 385 420 641 655 705
122 254 335 519 720 845
158 277 287 326 482 608 745 924
110 128 191 428 470 496 522 723 910
56 119 172 191 284 300 379 407 496 522 614 657 723 726 766
187 274 361 428
3 81 172 185 244 255 321 385 423 493 655 657 705 801 960
229 590
62 86 111 187 248 503 627 644 815 819 833
230 420 542
62 144 172 194 247 263 282 309 420 470 473 667 994
410 802 1207
56 766 1102
184 636 752
172 321 443 472 487 667
188 300 784 792
59 99 640 839 987
67 303 483 701 747 758 802
366 428 592 700
55 455 644 853
284 359 501 517 571 701 857
70 592 596 993
70 274 428 522
778 887
56 70 184 188 274 428 522 718 796
58 70 77 90 141 144 153 172 181 186 191 240 244 248 263 293 305 309 321 415 423 472 515 561 571 641 644 667 701 752 806
172 174 420 545 592 791 853
99 144 172 303 423 493 704
56 191 196 270 407 657 780
369 428 529 550 573 657 752 805 863 871 887
701 730
169 248 282 455 501 559 619 752 792 863 935 956
188 230 341 428 657 682
56 67 428 657 683
230 470 493 780 908 935
62 696 858
303 640 758 839 847
172 191 248 260 282 293 294 314 423 449 519 765 766
55 134 177 188 196 230 270 300 428 487 493 557 747 758 857
99 111 119 141 172 198 244 309 377 420 496 576 607 613 657 766 799
62 86 141 153 172 240 244 397 411 503 542 561 667 710 747 802 845 867
10 56 185 306 407 428 431 459 522 538 657 670 766 789 864 923 950 1053 1058
67 188 191 657 834 863 881 1082
70 284 428 766
53 167 493 1130
128 202 423 428 787 995
77 232 385 507 704 705 744 806
56 470 544 657 701 805
309 522 562
42 187 261 747 802 822 937
62 187 248 503 627 644 815 819
48 232 420 525 562 641
53 56 188 407 459
169 345 595 670 683
3 100 244 248 263 487 561 636 657 752 819 944 994
95 243 346 394 509 546 738 804
237 501 766 977
230 515 644 766 1207
153 268 290
407 428 901
141 172 321 459
56 191 407 428 459 470 496 853 863 995 1194
92 143 230 384 515 613 724 997
3 144 172 177 244 369 561 667 747
67 239 705
284 737 780 794 966
118 160 196 254 324 571 644 927
45 244 944
25 53 55 230
428 682 863
230 232 243 470 503 525 657 704
56 172 191 407 428 980
191 420 507
644 683 766 990 1207
414 428 657
134 284 336 428 522 614 657 682 757 794 805 901
106 158 326 416 433 476 482 505 639 863 879 1002
74 141 196 244 247 561 636 690 696 705 758 806 871
53 158 326 522 608 762
64 284 702 881
177 667 701
309 384 701
169 282 303 335 359 417 667 833
70 172 496 503 636 657 789 1004
53 428 737 766
56 184 657 766 796 804 901
9 10 56 230 766 863
382 657 710 724 1139 1171
158 319 326 622 762
545 592 779 945
10 188 191 284 470 525 657 780 921 1116
470 726 907
188 230 459 682 866
128 273 287 343 545 657 661 704 747 766 852
191 316 428 522
191 428 752 863
188 483 503 682 696 704 1113
308 420 595 944
191 230 428 547 657 747
56 300 387 428 726 773 997
3 81 86 100 122 141 172 244 268 271 321 325 369 470 561 607 614 667 748 765 801 845 851 866 892
172 174 310 428 444 470 493 655 657 705
270 282 710 730 997
56 522 682 766
455 778 1113
113 186 561
172 766 806
449 503 657 682 766 1029
145 309 378 428 592 701
187 287 487 657
56 188 230 270 387 428 1029
374 526 592
10 188 282 657 778
225 423 758 944 1113
62 100 132 169 172 184 187 240 247 263 300 314 361 440 449 493 501 536 664 701 737 758 833 852 873
284 507 1114
184 420 780 1181
128 459 522 657 766 850 1069
282 522 657 730 780
145 191 248 343 487
282 423 519 668 685
56 128 172 496 522 657 667 766
230 259 407 428 557 610 657 723
248 519 661 705 747
230 550 590 766
62 88 169 213 345 752
268 284 758 880 908
88 159 172 174 259 274 428 459 470 547 614 657 717 794 1070
324 507 644
188 191 428 550 794
191 252 284 343 347 411 428 657 755 771
455 657 728 766
17 274 464 718 993
88 487 850
6 45 70 81 86 88 90 99 117 122 144 153 172 186 188 191 211 220 230 244 248 250 263 268 274 275 300 308 309 321 369 407 420 423 428 431 470 503 525 545 561 562 566 613 625 636 659 667 696 701 702 710 718 766 783 784 806 819 833 867 880 881 892 995 1083 1136 1200 1204
3 172 244 247 255 284 507 545 636 667 728 801
172 484 670 747 784 863 1174
214 271 410 644 719
343 444 496 577
99 118 186 282 359 641 747 857
382 428 595 657 683
56 887
136 172 234 620 752 853
62 314 373 411 602 641 784
56 196 428 538 609 657 887
55 86 87 407 503 522 657 682 749 946
48 144 410
62 141 214 232 244 307 321 380 459 479 525 646 701 704 738 758 771 881
128 153 191 240 303 347 376 455 470 489 525 701
10 92 184 277 493 704 737 805 845 874 911 921
420 503 592
72 100 172 191 321 833 1006
158 172 595 608 762
74 99 172 667 758 908 946
379 407 459 470 766 863 1029
99 248 1103
144 177 260 300 369 423 440 504 511 720 740 766 833
30 45 263 282 384 554 758 786 945 970 1192
202 284 519
418 428 950
62 90 99 141 153 172 244 248 263 282 309 348 369 423 487 571 593 616 625 667 701 845 881
54 213 1115
248 300 373 571
45 70 88 99 141 172 244 268 307 321 348 361 529 607 646 702 739 752 802 881 935 995
338 625 876
55 99 128 248 296 420 428 522 657 682 701 792
747 810
70 230 307 881 945
60 144 188 300 373 545 758
96 128 284 493 522 612 657 757 957
455 470 644
345 407 470 657 766 1029
244 561 607 845 944
1 526 947
172 230 455 657 667 766
17 423 455 464 470 473 507 778
56 81 90 141 172 174 191 244 259 428 459 529 607 636 667 752 766 805 881 935
55 74 88 284 657 780 787 799 874 1070
529 545 747 752 935 952
134 701 747 758 766
184 252 367 796
128 230 459 479 784 866 1130
134 184 188 230 343 418 428 657 804 805
230 282 453 945
90 230 349 657 684 766 806
172 174 177 184 239 300 428 493 705
86 172 374 564 813 870 1206
172 174 243 321 443 459 667
48 118 230 444 522 682 723 766
259 610 757 780
271 382 407 428 470 657 864
62 67 174 177 191 220 487 571 758 873
160 172 220 747 784
263 449 747 833 952
132 172 630 758
56 428 479 522 657
188 382 428 464 596 606
58 70 77 90 141 144 153 172 181 186 191 240 244 248 263 293 305 309 321 415 423 472 515 561 571 641 644 667 701 806
132 501 592 630 644 853 921 922
273 549 737 766 780 796 1026
88 128 184 191 428
730 771 784
62 144 187 501 991
230 428 547 657 683 766
45 182 185 230 239 273 343 349 420 423 545 646 657 704 705 723 765 766 1008 1146
75 300 884 937
172 321 428 444 667
244 420 522 766
53 766 806
270 271 282 459 545 657 766
67 455 542
263 493 640 839 1133
67 172 284 428
36 384 448 546 554 644 939 1192
56 110 230 274 428 496 657 723 805 1194
350 487 758 1184 1192
220 378 561
128 141 172 244 309 361 607 641 783 1206
905 1189
56 428 493 766
99 132 144 747
8 369 519 670
128 230 682 766
158 274 319 416 433 482
111 136 191 284 321 374 385 423 571 655 705 771 784 884
13 153 507 564
230 367 857 884
187 191 459
62 100 172 188 321 657 710 1204
385 428 473 661 766 806
780 907
67 99 141 169 172 232 248 321 367 376 377 385 459 544 635 701 704 758 784
172 184 196 248 284 343 470 496 503 525 542 657 667 766 848 887
45 123 159 196 255 428 459 551 657 758 784 970 1029 1145 1194
60 420 561
191 382 428 459 612 644 657 683 935 1085
62 172 263 321 657
118 132 178 220 318 359 367 627 701 857 882
420 423 483 767 944
86 271 379 423 444 470 525 780
595 897
146 334 387 428 493 657 704 719
9 64 141 153 191 198 244 303 321 369 459 470 701 738 881 995
56 62 87 128 218 282 367 371 428 470 657 977 1095
128 428 459 496 730
230 407 493 657 726 766 866
62 64 128 191 307 701 833 881
387 630 766
6 62 81 119 172 190 194 299 321 361 369 411 494 583 595 657 747 947
153 326 544 592 622 701 745 806 1002
88 182 188 191 194 321 343 385 545 667 802
99 172 177 701
55 62 73 96 122 128 184 191 194 196 230 236 239 261 324 369 387 411 418 428 459 496 545 595 657 670 701 704 726 752 766 789 794 858 887 1017
152 172 240 545 667 685 806 819
188 309 428 657 682 747 866
10 184 455 657 757
33 55 81 128 185 188 196 248 299 385 420 423 470 493 496 503 613 655 657 705 723 960 1113
81 172 248 274 321 345 346 546 636 667 704 718
470 657 766 785 794
99 185 423 503 571 705 908 944 960
118 128 191 284 327 382 766 787 1185
23 326 522 657 766 904 1120 1157
56 428 547 657 766
420 483 613 1052
67 159 172 182 191 428 1029
100 158 247 263 319 326 373 415 505 576 608 737 904 1120
17 271 423 470 493 522 698 766
45 470 723 726 737 1070
49 81 190 272 274 327 348 366 411 423 507 607 644 718 733 752 864 881
140 153 172 175 181 667 806 1004
191 230 271 428 550 657 1063
85 95 99 282 321 346 394 441 509 522 546 627 701 784
420 613 1008
17 428 728
4 42 45 70 428 493 735 822
194 343 385 423 657 735 766
186 187 455 960
169 226 367 501 1005
67 100 134 144 186 240 263 284 309 562 657 667 705 758
86 420 595
19 88 100 181 561 616 819
191 230 271 428 550 1063
191 196 236 542 1069 1130
86 99 188 194 248 376 554
56 87 230 407 428 479 522 657 863
428 515 641
191 407 428 863
230 522 657 780 1187
48 172 177 282 420 483 1206
196 232 343 704 766
96 188 196
704 766 935
25 377 384 544
230 290 440 661 766
17 196 423 428 464 470 657
99 690 726 871 994
128 428 657 766
99 128 172 431 657 806
136 172 234 752 853
184 252 675 766
25 99 384 531 554 1192
55 67 87 88 177 248 263 321 336 343 347 470 472 503 525 545 701 833
56 440 487 766
59 511 630 987
56 184 428 657 1126
187 428 937
9 62 86 141 172 184 244 260 295 300 420 459 470 625 667 701 719 780 880 881
220 230 248 470 833 1153
282 470 907 1203
3 194 299 705
99 359 759 784 819 853 956
56 172 428 470 805 871 920
184 300 428 501 873
9 10 88 95 263 346 394 440 509 546 657 682
60 188 270 271 428 657 1063
73 428 863
277 690 705 752 871
86 188 243 259 379 470 921
270 384 387 428 455 657 683
343 428 595
172 282 423 487 613 779
113 220 230 248 470 833 1153
73 177 184 252 284 428 493 614 980
62 99 240 321 440 545 657 747
230 282 427 428 657 794 863 864 995
214 459 470 493 766 794 1113
56 172 174 184 191 345 428 657 796
67 172 261 284 758
223 352 385 420 423 493 698 1113
177 248 300 440 758 784 819 873 884
56 188 657 682
23 158 274 326 416 433 482 718 904 1002 1157
56 232 704 766 805
88 282 863
7 428 792 1073
590 657 792 990
128 230 236 428 493 657
428 752 863
55 67 300 321 343 595 664 784
145 747 952
188 248 263 282 309 378 697 833
53 143 230 459 613 657 796 863
86 172 181 244 321 369 383 561 1185
384 487 554 853 873 977 1192
56 132 284 428 548
172 182 244 286 321 420 428 657
459 546 852
128 284 479 644 675 858
158 326 608 762 950
128 188 343 387 470
130 542 784
88 128 172 177 236 248 271 385 487 493 571 630 655 657 758 784 805
99 284 377
491 1006
145 399 420 423 613
128 268 503 902
128 236 263 282 657 1113
342 625 880 892
172 174 177 184 300 428 493 705
590 713
53 230 455 766 921
230 282 287 387 470 522 657 675 792
92 184 236 550 657 805 1126 1173
72 85 90 96 123 196 271 300 423 459 470 493 595 657 684 805 910
67 86 153 561 640
158 230 384 416 493 608
55 230 683 737
188 423 780
377 487 667 670 701 908
56 159 184 428 455 657 796 1029
81 284 528 571 747 952
172 528 575 684
45 75 111 171 272 308 321 420
128 284 420 459 470 525 794
271 329 470 475 805 806 880 1207
113 1113
62 100 132 144 188 263 321 378 561 641 701 819
428 470 493 657 752 805
236 493 657 766
385 428 655 657 705 920
230 270 428 493 766
128 223 232 248 271 310 428 675 704 719 819
67 172 191 758 1070
299 455 641 676 701 705 759 908
158 172 274 326 503 608 625 718 881 904 1082
128 160 459 493 522 657 766
184 252 428 766 780 804
282 657 719 804 1073
45 48 236 343 428 459 470 599
10 184 191 230 248 455 522 661 737 780 921 1133
60 86 172 182 230 271 369 385 419 428 493 503 561 595 655 667 705 737 951
53 100 141 172 177 240 244 263 282 309 423 428 487 496 667 701 739 752 758 778
56 67 77 86 475
67 88 153 263 284 787
81 1159 1207
45 128 172 191 343 366 428 434 522 747 1206
420 423 944
25 522 675 878 921 1202
90 244 460 561 564 598 705
99 111 119 141 172 198 244 309 377 420 496 576 607 613 766 799
17 110 196 428 805
188 309 719 766 784 887
92 230 395 522 657 766
62 65 67 144 169 172 248 253 318 361 728 747 752 784 789 800 842 853 882 991
55 77 470
428 444 658
67 172 345 561 625 747 787 834
348 534 679
230 657 792 845 998 999
99 184 191 455 704 780 935
53 70 271 307 459 718 806 881 963
562 737
376 863 951
172 191 248 260 282 293 294 314 423 449 519 766
53 313 503
282 428 766
86 284 766 780 1113
128 349 385 470 655 705 766 960
55 62 96 128 147 185 253 428 472 576 614 641 657 683 704 719 765 766 901 960
145 191 410 420 444 449 530 701 758 771 784
191 196 284 428 522 723 921 922 1194
141 145 153 172 177 244 284 303 309 420 586 613 625 667 747 819 880
282 444 675
45 53 88 184 470 822 1130
410 493 522 636
118 308 359 630 758 857
188 230 282 880
5 67 153 223 343 382 423 571 704 995
88 196 428 493
68 140 287 377 384 474 970
17 428 459 592 698
271 428 863 864
3 96 128 188 244 248 321 428 487 657 752 801
274 385 464 718
407 470 863
119 153 186 236 244 501 607 806 845
184 428 493 657 796 804
70 153 177 244 255 268 321 327 342 345 347 348 459 534 544 595 641 701 702 738 739 747 752 845 866 881 995
169 377 503 853 1010
55 145 172 263 284 343 418 641 737 1206
92 184 263 315 853 865
10 284 657 921
56 428 455 657 935
55 67 87 88 177 263 321 336 343 470 472 503 525 545 701
67 86 263 407 428 682 833 874 966
194 223 503 528 599 701 908
184 921 1073
17 428 682
191 248 282 423 503 545
153 325 564 701
428 657 1063
15 327 428 551 806 963
88 172 174 407 428 470 496 547 657 751 882
230 644 675 766 865
172 528 684 747
158 319 326 482 487 608 745 982 1002 1157
145 172 282 284 300 343 667 766
88 144 188 191 230 248 282 287 308 420 595 758
377 428 545 682 747 874
172 287 343 428 704 944
17 56 86 428 657 658 670 682 805
53 128 188 657 757 766
62 343 589 595 881
56 407 557 794
153 172 338 783 881
54 187 511 884
384 644 865 1207
62 96 470 501 562 784 873 908
3 284 423 428 444 682 728 737
53 263 309 325 419 737 890
62 172 177 196 282 343 472 542 657 667 683 701 766 815
455 910
77 347 376 701
77 172 191 343 378 428 487 493 503 667 766
172 268 385 418 420 470 473 647 682 1206
99 444 522
17 119 271 327 428 431 470 657 993 999
3 6 128 172 227 244 247 255 295 321 384 423 428 459 521 607 641 644 657 752 766 801 892 1204 1206
48 177 185 287 355 384 385 420 545 647 655 705 792 819 887
239 299 367 385 523
55 145 191 284 343 747
74 140 144 284 321 440 542 571 641 1021 1113 1146
248 284 290 428 766
177 220 300 420 758
226 260 361 501 758 1005
276 490 905
174 230 243 693 853
86 184 657 720 737 887
56 376 428 682 805
5 172 191 411 440 536 571 667 701
7 9 30 48 145 284 309 399 571 657 1113 1202
53 55 230 343 704 887
198 230 407 493 726 766 866
230 349 557
196 271 428 470 657 852
134 184 188 230 525 737 766
196 524 564 644 864
230 428 455 657 935
472 562 1207
248 384 554 651 1192
172 230 455 657 667 701 766
9 64 141 153 172 191 198 244 303 321 369 459 470 545 701 738 881 995
62 81 90 119 128 140 141 145 153 181 186 244 248 254 263 286 321 342 345 423 470 503 507 525 545 561 579 641 670 701 739 758 759 765 806 843 863 944
45 428 780 784
172 248 657 667 908
113 144 169 171 177 187 220 240 260 303 309 314 347 359 367 440 443 449 487 501 571 758 784 819 833 873 937
145 320 1052
191 296 428 657 752 863
53 493 1113
282 455 459 470
67 145 343 470 610 661 1008
7 62 71 86 128 379 723 766 845
153 507 564
55 128 191 299 525 612 657 705 766 784
172 240 263 309 321 472 561 758
58 86 145 177 181 188 284 470 595 641 657 766 1113
158 287 319 482 608 644 766
172 196 263 470 496 682 705
282 519 592 668 685
86 128 144 428 522 657 675 758 766 780 819 1133
138 284 309 428 613 701 766 806 833
86 345 752
99 284 321 470 525 737 765 780 805
57 88 96 184 310 316 321 347 358 367 369 382 385 479 595 701 757 804 866
128 284 382 411 428 487 544 704 917 944
140 284 385 503 504 655 661 667 1113
86 191 470 503 970
17 407 778 946
70 778
682 737 766 780
59 99 172 181 248 545 667 685 758 759 784 952 987
45 441
58 172 177 384 503 701 758 833 994 1174
184 196 263 300 309 343 400 470 496 644 657 723 766 1202
56 274 428 614 1029
58 161 387 503 701 766 799 946
196 407 470 496 766
172 188 191 428 657 667
62 69 259
291 907
184 542 766
172 282 361 487 630 737 857 908
139 172 188 230 254 459 825
9 382 407 550 657 682 723 780
86 99 130 145 172 188 194 241 263 299 303 376 411 473 503 511 530 542 545 562 667 676 681 704 737 758 833 871
17 172 174 284 428 470 576 657 840 995
172 287 420 661 676 765
3 33 144 153 172 244 263 321 503 521 561 667 755 801 866 892
230 580 657 945
407 487 567 605 701 1093
184 188 455 470 778 783 982
119 428 588
56 407 428 470 479 657 826
440 470 522 657 724 805 873
428 493 683 704
7 53 56 62 86 172 284 470 487 522 758
55 67 99 128 172 177 284 321 766
95 128 230 423 522 546 657 1146
25 92 184 428 547 657 805
153 564 701
64 172 191 284 423 470 544 738 778 874 880 946
128 300 423 657 682 705 758 766 871 960
99 172 303 440 667 833
188 271 407 428 657 863
113 220 248 833
172 367 545
377 579 780 840 1010
172 177 268 277 307 377 437 458 561 701 758 881 1192 1203 1207
230 282 427 428 657 794 863 864
464 519
188 284 704 737 780 853 1186
62 191 230 407 657
75 667 747 952
160 166 191 348 458 578 592 826 853 897 963
20 30 62 67 128 141 153 172 185 230 236 244 255 263 274 309 321 343 348 383 411 459 470 525 529 550 564 610 614 625 636 661 667 672 675 702 705 718 738 739 752 753 802 806 839 845 874 881 935 1017 1190 1206
55 470 522 676 682 705
493 657 682 704 780
603 690 705 871 960 1019
158 326 608 879 1120 1157
86 132 289
191 407 657 682 1174
126 188 428 644 857 881
172 282 407 428 657 710 784
45 169 263 343 459 470 784
136 440 826
86 261 268 282 284 298 321 493 792 907
86 172 181 186 187 213 248 263 286 321 325 428 501 503 572 759 873 1015
56 134 428 496 657 723 1194
213 220 235 237 282 373 501 840 937
123 128 271 282 428 459 546 701 880
493 657 887
144 194 343 345 349 542 636 735
263 759 863 884 997
56 308 444 944 1113
56 428 455 503 704 766 935
99 182 284 303 747
128 141 144 145 220 244 248 293 440 784 881
191 284 657 682 705 730
64 172 545 702
53 282 428 766
56 77 188 196 248 415 522 595 657 682 737 822
766 802 863
172 174 239 310 428 444 470 493 655 657 705
45 172 321 366 420 423 493 542 613 646 766 1008
167 259 339 493
316 420 483 661 705 819 908 944
260 263 295 303 321 620 705
81 172 335 747 952
55 128 230 309 415 428 493 522 566 657
25 214 230 282 470 675 758
184 284 407 547 682 704 766 798
284 324 345 428 470 657 671 723 1194
88 144 188 220 802
10 184 236 455 657 683 757 901
239 284 287
3 45 56 86 153 172 188 244 247 263 271 309 321 385 428 470 479 561 566 603 657 667 705 728 884 944 960
62 187 325 367 501 559 571 853 997 1193 1207
90 284 887
172 174 188 230 525 610 646 1199
62 128 191 248 428 455 496 522 657 935 990
86 773 819
136 144 177 248 361 403 601 613 633 655 690 824 826 853 863 871 960
20 64
153 254 470 766 945 977
53 282 428 766 780
3 67 100 128 134 140 144 153 177 220 244 259 260 268 325 336 345 379 431 470 525 607 635 692 701 705 801 832 845 863 881 1189
9 10 459 682 766
186 191 307 545 657 747 881
188 230 428 493 657 766
17 92 191 592 1073
99 1098
17 282 284 407 428 657 863
55 184 188 719 766
96 728
169 194 299 376 440 765 906 937
56 92 128 184 282 522 620 657 723 757 766
169 359 564
53 282 366 384 403 423 542 766 780
181 244 874
49 458 507 571
184 384 470 610 723
43 65 67 309 318 561 833 853 882 942
282 427 428 657 794 863 864 995
284 324 345 428 657 671 723 1194
144 244 300 420 440 493 667
48 244 420 503
153 300 561 644 880
86 303 366 407 420 423 657 1058
112 187 501 906
230 271 284 407 428 470 479 503 522 1194
30 188 230 232 284 290 470 595 610 704 747 766 935 937
99 321 470 503 701 1113
55 86 99 172 184 188 522 657 758 799
58 191 284 543 873 888 937
62 88 187 259
6 62 70 81 119 172 190 194 230 250 299 321 361 369 411 494 583 595 657 667 670 718 728 747 843 947
56 99 184 682 780
172 255 329 766 871
525 646 657 766 792
188 309 343 373
67 397 657 766 1029
128 196 420
145 248 420 557
128 420 428 459 493 682 704
128 459 682 780
191 657 901
25 68 377 387 470 921 995 1201
295 308 833 944 995 1113
128 376 399 787
62 81 172 230 232 263 321 361 369 384 428 470 493 503 571 607 657 667 670 759 765 769 816 833
86 188 196 428 459 470 723 764
95 223 230 269 310 346 394 438 509 522 546 562 599 657 704 874 951
54 248 367 580 1184
420 483 542 613
191 428 657 1029
17 191 196 255 296 428 464 544 592 826
428 762 794
640 701 758 839
106 169 319 482 571
248 282 284
766 801 1203
145 177 188 191 239 261 282 284 343 493
45 159 188 271 282 428 522 551 683 796 863 864 970 1029 1146
67 172 371 411 644 765 1146
128 177 184 191 196 428 470 657 723 933
271 382 407 428 682 723
349 683 766
7 10 420
55 230 271 282 470 709 945 1071
363 490
10 92 99 384 470 550 865 945 1073 1208
53 145 343 384 428 641 752 887
55 504 704 897 1071
99 376 701
188 191 275 302 345 428 616 657 669 752 792 863
144 244 284 300 420 440 493 667
62 144 991
53 282 296 428 493 657
67 191 268
118 657 701 1204
188 420 483 542
56 99 159 522 636 640 657 766 1029
73 116 411 519 523 720
56 188 522 657 682 766
88 172 230 271 493 951
191 385 503 529 684 747 752 935
6 45 70 81 86 88 90 99 100 117 122 144 153 172 186 188 191 211 220 230 244 248 250 263 268 274 275 300 308 309 321 345 369 407 420 423 428 431 470 503 515 525 544 545 561 562 566 613 616 625 636 659 667 670 696 701 702 710 718 766 783 784 806 819 833 867 880 881 892 995 1083 1136 1200 1204
134 230 479 487
484 646 713 724 802 840 1085 1147 1207
172 188 561 667
100 128 244 385 496 522 561 636 655 657 710 752 874 1189
88 270 428 826
67 73 236 282 407 428 459 614
379 644 830 945
428 444 455 657 780 935
191 270 493 550
155 172 174 287 503 952
88 112 113 169 187
153 172 384 561 564 625 844 883
158 184 206 252 608 622 719 745
236 313 459 470 493 794
17 423 428 564 670
172 263 284 321 418 657 697 758 766
72 174
172 191 592 670 779
99 377 571
172 191 385 766 1113
177 188 271 384 428 470 493 503 522
3 67 86 100 128 134 140 144 153 172 177 220 244 259 260 268 282 321 325 336 345 379 431 470 525 571 607 625 635 670 692 701 705 759 801 802 832 845 863 880 881 1189
230 657 682
282 453 501 580
169 187 620 819
118 132 169 460 832
56 110 191 230 428 459 1194
67 86 169 172 778 833
158 274 319 326 622 718 762
208 345 775
65 88 248 253 284 318 758 766 882
282 299 385 420 483 655 705
62 67 70 271 345 579 693 725 880 998
30 86 145 172 191 230 407 455 470 487 496 503 522 561 667 719 753 766 995
55 128 247 366 376 443 780
10 30 55 70 87 92 100 153 172 181 184 194 196 207 244 252 254 263 286 303 321 329 336 345 369 379 420 427 431 444 454 460 470 525 545 551 561 562 595 603 610 633 657 659 661 667 696 701 705 780 806 833 874 921 922 927 945 1119 1204 1206
53 825 1071
81 181 191 248 263 268 286 300 321 345 346 470 546 571 704 728 766 784 866 881 893
53 444 595
55 188 230 534 616 657 669 950
81 99 172 174 270 438 701
188 191 428 479 595 657 735
128 316 343 387 704 723 757 766
45 172 253 284 455 635 698 758 833
172 230 270 382 428
172 240 284 303 428 470 644 667 758 857 873 884 935 1113
116 223 380 423 701 806 946
141 144 172 282 284 377 385 542 655 667 802 845 864 881
118 369 544 857
284 300 428 501 853
62 145 172 240 248 735 747 1206
184 230 373 428 470 522 796 822
407 522 550 897 1071
25 45 191 428 592 705 752
232 542 655 704 960
230 470 888
428 580 719
56 255 282 407 522 657 766 863 1194
397 657 766 1029
211 284 470 766 794 850
77 363 528 776 1189
259 303 420 483 542
56 86 423 428 522 657 957
62 65 81 86 88 128 141 144 172 191 194 230 244 248 254 263 282 287 293 303 309 311 321 343 344 347 359 369 411 423 438 443 459 487 496 529 554 562 571 592 598 636 641 657 701 748 752 833 881 882 935 1153
64 177 230 380 544 657
191 407 657 682
167 185 385 655
45 220 230 274 369 455 544 595 935
30 67 99 141 169 172 232 248 321 367 376 377 385 459 544 635 701 704 747 758 784
9 10 128 202 376 411 493 759 766 784 787 792
145 420 595
74 284 636
188 284 420 657 778
566 594 657 1174
278 342 348 366 534 693 733 881
88 138 420 644 755
451 610 657 757 766 792
326 737 904 982 1120 1157
53 287 343 385 479 571 726 819
62 119 141 145 244 248 254 263 286 342 423 701 739 758 806 863 944
56 191 415 636 752 791
377 544 550 970
33 45 441
152 411 525 685 704 747
428 529 752 863
188 230 474 550 571 657 784 1115
88 172 191 194 230 379 407 522 730 766
6 45 70 81 86 88 90 99 100 117 122 144 153 172 181 186 188 191 211 220 230 244 248 250 263 268 274 275 300 308 309 321 345 369 407 420 423 428 431 470 503 515 525 544 545 561 562 566 613 616 625 636 659 667 670 696 701 702 710 718 766 783 784 806 819 833 867 880 881 892 995 1083 1136 1200 1204
77 184 387 428 455 470 657 726 796 935
5 172 420 483 747 944
67 145 172 186 240 248 321 347 487 571 663 667 701 705 747 784
145 300 399 420 766
56 88 128 259 263 384 428 501 657 794 819
158 172 274 326 482 503 608 625 718 881 904 1082
4 67 191 313 493 555 704 801
99 128 140 172 248 303 347 387 459 493 536 667 701 704 990
284 293 420 661 753
367 857 976
62 131 141 172 181 184 230 232 244 316 321 382 488 595 633 704 757 880
3 53 119 188 191 194 244 296 309 387 444 455 470 503 607 625 657 661 752 753 801 1204
134 230 644 853 1203
188 606 698 881
96 141 172 191 244 295 366 407 423 515 562 667 696 704
24 25 259 282 470 482 490 766 945 990
9 10 77 428 657
385 655 704 705 806 935
428 444 493 723
55 62 230 284 438 704 833 1069 1206
23 70 158 274 718 745
145 177 191 309 384 420 428 470 545 554 595 704 766 802
62 158 326 482 750 879
90 134 188 190 191 261 287 354 411 418 428 443 503 523 530 562 598 661 667 682 684 704 730 747 758 766 863 871
92 128 145 284 287 343 382 466 496 657
134 252 657 682 802
96 144 440 487 542
53 128 145 220 271 282 373 410 737 758
15 428 806
326 640 705 762 839
56 110 230 274 428 496 657 723 805
184 455 682 766
243 373 723
145 545 641 657
48 309 420 493 595 766
384 428 554 562 613 796 1192 1203
9 10 259 410 470
272 327 377 382 505 1157
132 144 152 171 194 685 737
188 196 236 343 428 503 527 946
172 184 343 428 610 657 667 719
85 95 99 282 321 346 394 441 463 509 522 546 627 701 784 1153
99 172 240 248 303 321 377 443 487 493 571 747 769
55 325 448 1164
159 766 1029
428 762
62 181 191 299 411 765
87 230 387 921 950 1073 1171
113 148 247 248 440
172 191 270 547 655 705
143 657 778 804
263 284 343 420 784
88 99 100 145 172 177 248 309 667 701 735
81 299 863 881
410 440 625 880
100 112 184 701 758 884
255 545 747
48 188 428
91 158 319 326 433 482 622 656 745 1002
1 45 74 385 429 655 669 705
7 455 657 766 1202
191 458 592 897
172 220 230 487 580
560 644 1207
136 172 188 191 240 321 428 496 528 571 657 667
62 172 177 261 309 343 345 440 667 701 747
100 153 172 221 240 248 263 321 619 667 806 874
30 58 61 81 86 90 99 119 128 140 141 153 172 177 181 186 191 230 232 244 248 261 263 299 303 321 345 371 377 378 462 470 542 561 640 659 667 701 704 747 802 806 833 867 920 935 944
73 187 519 819
86 134 384 503 545 766
141 153 172 177 316 324 367 545 561 595 641 659 667
657 747 806
248 345 369
284 324 345 428 470 657 671 723
311 407 428 784 794
96 172 418 465 641 657
144 188 766
73 86 172 431 524 737 780
428 903
493 857 899 1121
355 493 561 917
67 188 191 616 657 702 834 863 881 1082
136 172 752 853
145 420 719 766
86 284 299 705 884 972 1119
87 236 309 343 376 610 657
184 428 737 766
109 274 718
10 17 110 128 196 376 428 463 470 479 503 522 784 805
56 96 316 470 525 657 780 805
9 230 428 1029
128 191 263 287 300 428 503 522 657
88 99 188 428 571 657 759 784 853
62 944
134 284 773
56 191 428 522
128 146 230 244 428 459 470 479 493 525 1189 1198
214 766 1113
428 571 657
